0	1054
0	480
0	392
0	2107
0	2314
0	3538
1	2319
1	2179
1	1486
1	1611
1	687
1	2858
2	578
2	1707
2	3018
2	2269
2	3308
2	1835
3	1059
3	2967
3	2075
3	2232
3	2964
3	3589
4	1794
4	440
4	1909
4	2830
5	268
5	3494
5	1299
5	1396
5	1991
5	1410
6	3633
6	2088
6	3504
6	765
7	1309
7	2155
7	2951
7	1350
7	726
7	3161
8	3566
8	3577
8	1470
8	3148
8	2606
8	2083
9	1499
9	2076
9	516
9	3597
9	770
9	1469
10	1180
10	110
10	3588
10	2222
10	1060
10	2188
11	899
11	3192
11	1069
11	642
11	2162
11	2339
12	608
12	3382
12	1195
12	2874
12	2412
12	1276
13	1274
13	3244
13	3210
13	325
13	1770
13	2064
14	693
14	128
14	126
14	410
14	2212
14	3434
15	1106
15	2503
15	2556
15	1462
15	3413
15	1713
16	216
16	329
16	800
16	2180
16	1877
16	2310
17	2093
17	2287
17	1872
17	1912
17	2334
17	3292
18	3452
18	3356
18	785
19	1530
19	2771
19	2475
19	2311
19	2508
19	3206
20	2846
20	740
20	2159
20	72
20	3003
20	2834
21	1668
21	1262
21	333
21	604
21	588
21	61
22	538
22	2255
22	928
22	3282
23	1965
23	2692
23	2479
23	1571
23	2705
23	3368
24	2701
24	2111
24	1568
24	2525
24	1196
24	205
25	2071
25	1785
25	2082
25	135
25	68
25	2221
26	1336
26	2035
26	2997
26	1582
26	2994
27	1929
27	585
27	272
27	1760
27	1842
27	2247
28	2932
28	343
28	781
28	2906
28	2463
28	3628
29	300
29	3427
29	1420
29	970
29	3332
29	478
30	1557
30	1325
30	2474
30	2079
31	672
31	2959
31	1682
31	644
31	1361
31	3623
32	314
32	3368
32	3377
32	890
32	3404
32	3560
33	2789
33	608
33	3358
33	2104
33	2555
33	2374
34	1406
34	3369
34	1758
34	152
34	3174
34	3290
35	376
35	1480
35	2299
35	1406
35	2154
35	1016
36	582
36	2583
36	1595
36	50
36	674
36	1029
37	849
37	3206
37	2638
37	3469
37	1714
37	407
38	697
38	990
38	1185
38	1651
38	741
38	2164
39	163
39	2667
39	505
39	2824
39	2227
39	3146
40	1069
40	544
40	3075
40	1416
40	1435
40	1462
41	3436
41	1812
41	1109
41	3574
41	2587
41	3319
42	3033
42	3042
42	2160
42	902
42	1452
42	1205
43	3452
43	3371
43	3006
44	1083
44	457
44	3163
44	1158
44	1730
44	1006
45	927
45	387
45	1986
45	1565
45	1395
45	2985
46	762
46	567
46	1076
46	995
46	339
46	2426
47	690
47	3550
47	2960
47	2418
47	2859
47	2605
48	2338
48	708
48	2745
48	3383
48	2143
48	292
49	1874
49	3010
49	1633
49	1518
49	1061
49	3593
50	1066
50	1172
50	2583
50	905
50	1029
51	3422
51	2022
51	149
51	724
51	2736
51	1389
52	646
52	2727
52	1428
52	922
52	2236
52	2189
53	2500
53	1459
53	1186
53	1151
53	1098
54	972
54	619
54	2975
54	71
54	613
54	3567
55	2926
55	3613
55	686
55	166
55	3571
55	1292
56	1445
56	1939
56	3277
56	1591
56	3312
56	1373
57	1660
57	2018
57	324
57	1886
57	982
57	1614
58	1839
58	1279
58	2895
58	2838
58	232
58	116
59	509
59	1648
59	95
59	2217
59	1085
59	1114
60	1347
60	1222
60	1409
60	999
60	2085
60	373
61	604
61	588
61	3091
61	3204
61	847
62	2600
62	2907
62	2905
63	3631
63	2278
63	1868
63	2165
63	3273
63	3064
64	111
64	520
64	858
64	387
64	3058
64	2404
65	1936
65	1899
65	3520
65	2909
65	2841
65	2523
66	1863
66	3222
66	3186
66	1922
66	3398
66	1593
67	357
67	1134
67	1345
67	3037
67	1659
67	180
68	1785
68	898
68	2221
68	2780
68	529
69	1544
69	2994
69	3233
69	1034
69	2243
69	2531
70	181
70	1546
70	2796
70	887
70	2320
70	3112
71	613
71	3567
71	1001
71	1952
71	3129
72	2159
72	1434
72	207
72	872
72	2834
73	425
73	429
73	2381
73	851
73	2516
73	3072
74	1084
74	561
74	1207
74	1869
74	2004
74	2718
75	2124
75	340
75	3321
75	2899
75	2395
75	3065
76	1590
76	2626
76	1164
76	2010
76	2081
76	2914
77	569
77	829
77	1539
77	1268
77	476
77	2948
78	3164
78	376
78	2256
78	3554
78	952
78	2154
79	3346
79	1047
79	2524
79	255
79	2403
79	894
80	1896
80	1014
80	400
80	1699
80	2719
80	1366
81	839
81	1407
81	433
81	3174
81	716
81	3451
82	1681
82	683
82	1786
82	2755
82	312
82	3283
83	2743
83	225
83	467
83	1238
84	1792
84	2385
84	2000
84	1653
84	3306
84	2588
85	1657
85	133
85	1736
85	1826
85	792
85	3477
86	2967
86	2729
86	1894
86	637
86	3211
86	1746
87	2084
87	1390
87	3509
87	1832
87	269
87	1142
88	946
88	2414
88	1961
88	737
88	3348
88	1748
89	2892
89	906
89	575
89	1300
89	2665
89	814
90	3250
90	694
90	3015
90	3558
90	1901
90	1058
91	2195
91	2514
91	539
91	1369
91	2391
92	3478
92	1498
92	1101
92	3528
92	2592
92	517
93	1821
93	3139
93	648
93	856
93	2463
93	3628
94	2811
94	2728
94	2057
94	1662
94	1117
94	3481
95	1531
95	1648
95	2559
95	1970
95	2217
96	2254
96	2432
96	2513
96	2726
96	2590
96	3541
97	2132
97	2590
97	3541
97	2366
97	3235
97	1995
98	1239
98	568
98	1486
98	2683
98	153
98	1871
99	2080
99	639
99	2282
99	146
99	885
99	390
100	338
100	1941
100	2542
100	1453
100	412
100	997
101	140
101	3516
101	1181
101	1278
101	3471
101	3310
102	1272
102	1863
102	2083
102	969
102	2275
102	3222
103	583
103	555
103	3169
103	118
103	1012
103	1224
104	1506
104	2203
104	3625
104	2777
104	2674
104	1441
105	345
105	2098
105	1071
105	2300
105	1803
105	3247
106	1522
106	3360
106	1828
106	661
106	3239
106	3145
107	2597
107	3355
107	2232
107	3054
107	3147
107	222
108	679
108	2006
108	2350
108	3503
108	2471
108	1516
109	2302
109	1090
109	2205
109	3157
109	318
109	594
110	1103
110	1180
110	993
110	955
110	1060
111	477
111	2202
111	1422
111	520
111	2404
112	3254
112	1146
112	2730
112	759
112	3184
112	3303
113	2449
113	1368
113	837
113	1223
113	2444
113	1131
114	3068
114	2431
114	458
114	3634
114	2489
114	2153
115	2333
115	2539
115	258
115	647
115	1510
115	2406
116	1279
116	2394
116	3520
116	3089
116	232
117	678
117	3443
117	1423
117	1535
117	1689
117	200
118	2431
118	555
118	2489
118	2318
118	1224
119	3150
119	958
119	2471
119	1809
119	1795
119	2392
120	3530
120	2915
120	1264
120	3397
121	1838
121	2997
121	2890
121	391
121	940
122	1759
122	2655
122	3004
122	1080
122	1476
122	2058
123	928
123	2141
123	3282
123	1827
123	1405
124	1655
124	413
124	832
124	1663
124	2844
124	2529
125	880
125	1088
125	1279
125	1446
125	2708
125	2394
126	1278
126	3471
126	3552
126	410
126	3434
127	1243
127	3055
127	862
127	2679
127	692
127	1584
128	693
128	1021
128	410
128	1672
128	2434
129	1024
129	1914
129	2791
129	257
129	2271
129	794
130	874
130	3448
130	982
130	398
130	1225
130	1625
131	472
131	1984
131	149
131	1198
131	2388
131	1077
132	3099
132	499
132	1091
132	684
132	3621
132	1948
133	1657
133	2414
133	3505
133	1926
133	1736
134	482
134	1233
134	3094
134	1249
134	179
134	860
135	2082
135	2717
135	840
135	2221
135	396
136	2334
136	1925
136	2136
136	3292
136	846
136	2643
137	533
137	2349
137	388
137	2883
137	1641
137	1779
138	2038
138	1028
138	3067
138	2776
138	2980
138	473
139	2488
139	2762
139	2276
139	3532
139	1815
139	1234
140	825
140	2416
140	3516
140	2922
140	3471
141	2181
141	1962
141	364
141	994
141	1139
141	2535
142	1932
142	426
142	1251
142	438
142	3383
142	292
143	469
143	2025
143	1329
143	3568
143	439
143	3230
144	3542
144	551
144	742
144	3490
144	394
144	3175
145	1430
145	570
145	961
145	2694
145	472
145	1984
146	3606
146	3387
146	769
146	639
146	885
147	3062
147	3410
147	1787
147	1915
147	3011
147	3568
148	1403
148	2714
148	1402
148	789
148	973
148	396
149	1198
149	724
149	1077
149	2736
150	1247
150	2191
150	1703
150	2877
150	2028
150	3412
151	1460
151	1543
151	618
151	3394
151	2286
151	1082
152	821
152	3369
152	245
152	839
152	3174
153	568
153	2042
153	2683
154	1105
154	939
154	2193
154	866
154	1175
154	3472
155	3375
155	1348
155	3029
155	1011
155	2316
155	327
156	1900
156	1722
156	3063
156	650
156	1129
156	2455
157	558
157	3226
157	1376
157	1678
157	516
157	1469
158	1382
158	347
158	3046
158	519
158	2693
158	1691
159	1122
159	3127
159	3224
159	595
159	1999
160	650
160	1010
160	320
160	1521
160	784
160	1129
161	2768
161	453
161	2128
161	1753
161	1682
161	3623
162	3024
162	304
162	2756
162	2816
162	3255
162	1358
163	319
163	3270
163	2667
163	505
163	434
164	2181
164	720
164	3156
164	3599
164	761
164	2331
165	1108
165	2742
165	2208
165	1399
165	1482
165	522
166	3613
166	758
166	1427
166	2445
166	1292
167	706
167	2273
167	850
167	1716
167	1274
167	2064
168	1341
168	2287
168	3059
168	2538
168	2334
168	846
169	705
169	1095
169	238
169	2477
169	602
169	3350
170	1189
170	1004
170	526
170	1180
170	993
170	267
171	1125
171	291
171	1132
171	3415
171	1257
171	1630
172	2650
172	581
172	1190
172	1465
172	3594
172	2043
173	2756
173	630
173	2689
173	1951
173	3255
173	3191
174	3585
174	1285
174	2222
174	259
174	1805
174	2122
175	311
175	3480
175	1145
175	2446
175	812
175	3143
176	1885
176	2039
176	1599
176	1273
177	531
177	3215
177	2247
177	1296
177	508
177	1355
178	401
178	3600
178	941
178	1210
178	3327
178	996
179	2178
179	1233
179	1593
179	860
179	1802
180	357
180	1659
180	1344
180	2478
180	696
181	1195
181	1843
181	2874
181	1546
181	2320
182	1635
182	627
182	3479
182	1151
182	1759
183	1661
183	374
183	3569
183	304
183	1448
183	471
184	3033
184	633
184	2811
184	2501
184	3381
184	2160
185	2196
185	3302
185	1421
185	1314
185	1170
185	1853
186	539
186	1642
186	1757
187	2013
187	1819
187	711
187	2518
187	1425
187	3534
188	2235
188	609
188	328
188	1419
188	2077
188	3498
189	3347
189	1450
189	1918
189	2881
189	871
189	2520
190	2040
190	3192
190	3044
190	2149
190	2162
190	1855
191	195
191	450
191	2100
191	3460
191	2298
191	1242
192	1604
192	348
192	1944
192	1836
192	2903
192	2563
193	454
193	1253
193	444
194	1629
194	2806
194	1517
194	3430
194	2345
194	2456
195	1751
195	524
195	450
195	995
195	2298
196	2499
196	1327
196	1989
196	3261
196	3107
196	3129
197	2768
197	2926
197	453
197	2943
197	1005
197	686
198	236
198	3016
198	1586
198	1765
198	1960
198	2621
199	2962
199	808
199	2931
199	1160
199	2668
199	2894
200	1083
200	1423
200	1689
200	3268
200	3163
201	1818
201	532
201	3486
201	214
201	663
201	1541
202	1079
202	1659
202	2884
202	3300
202	2116
202	2478
203	3007
203	783
203	2932
203	2240
203	2242
203	2906
204	2551
204	1852
204	2341
204	563
204	787
204	878
205	3374
205	2530
205	1568
205	1196
205	3446
206	3536
206	2868
206	2502
206	2304
206	1798
206	3423
207	2159
207	2898
207	1434
207	610
207	2371
208	554
208	1269
208	2704
208	1428
208	1706
208	1072
209	1096
209	1148
209	1555
209	1793
209	1806
209	593
210	1433
210	1774
210	1177
210	1924
210	2744
210	2774
211	709
211	1859
211	736
211	2068
211	2549
211	305
212	1161
212	3309
212	2011
212	496
213	3438
213	3035
213	2686
213	1208
213	1669
213	281
214	1412
214	532
214	3570
214	2121
214	1541
215	740
215	3530
215	2129
215	3397
215	2159
215	2898
216	800
216	3316
216	1240
216	3385
216	1877
217	1925
217	2578
217	1942
217	2643
217	1574
217	649
218	3035
218	461
218	3392
218	2420
218	2677
218	1208
219	2161
219	228
219	842
219	276
219	3047
219	488
220	805
220	2783
220	2517
220	2427
220	3372
220	3328
221	1434
221	3359
221	610
221	2614
221	2003
221	1464
222	582
222	2075
222	2232
222	3054
222	1595
223	373
223	2755
223	3283
223	2464
223	1113
223	1986
224	1790
224	389
224	332
224	3003
224	251
224	835
225	556
225	3489
225	467
226	1350
226	3624
226	1471
226	726
226	1290
226	2527
227	3070
227	1823
227	434
227	3160
227	2632
227	2495
228	2161
228	1540
228	560
228	842
228	3389
229	2279
229	1621
229	2543
229	468
230	1169
230	1715
230	254
230	2971
230	2534
230	3092
231	2522
231	2697
231	3525
231	827
231	460
231	1037
232	2895
232	2746
232	3089
232	1639
233	1030
233	1073
233	3353
233	1734
233	367
233	290
234	1876
234	573
234	2447
234	2995
234	907
234	2618
235	435
235	399
235	3549
235	577
235	882
235	664
236	1601
236	1586
236	2048
236	1960
236	3263
237	3248
237	1255
237	3257
237	1133
237	2112
237	3246
238	1095
238	602
238	3366
238	3579
238	2637
239	1572
239	1056
239	911
239	2206
239	1762
239	1483
240	2278
240	2987
240	922
240	2236
240	3064
240	2038
241	1393
241	509
241	900
241	2027
241	659
241	564
242	1357
242	1018
243	1481
243	3614
243	2734
243	1191
243	3256
243	1973
244	528
244	2382
244	848
244	783
244	3354
244	2240
245	821
245	2821
245	2001
245	839
245	943
246	1681
246	1135
246	2591
246	520
246	858
246	312
247	3376
247	2889
247	578
247	322
247	1707
247	2253
248	2820
248	3309
248	3340
248	2011
249	2668
249	2894
249	2941
249	1245
249	2680
249	3420
250	935
250	3138
250	1236
250	1798
250	2346
250	2133
251	332
251	1002
251	835
251	1115
251	1771
252	1888
252	2080
252	3507
252	806
252	3506
252	390
253	641
253	2235
253	328
253	3542
253	889
253	1182
254	2312
254	2336
254	1715
254	1904
254	2971
255	1132
255	2403
255	894
255	1257
255	2288
256	2976
256	2347
256	1045
256	3012
256	448
256	3608
257	547
257	1268
257	476
257	1914
257	2791
258	699
258	682
258	2333
258	2539
258	2158
259	1913
259	284
259	1805
259	2952
259	2122
260	2948
260	2325
261	2509
261	3612
261	1686
261	672
261	1636
261	1361
262	2648
262	1526
262	3347
262	2484
262	1450
262	962
263	1808
263	1918
263	3373
263	3602
263	750
263	3103
264	790
264	2815
264	2155
264	1033
264	876
264	302
265	1111
265	338
265	2408
265	2542
265	1235
265	2050
266	1039
266	548
266	2536
266	1966
266	2226
266	2924
267	2732
267	526
267	1180
267	3274
267	3588
268	2617
268	2073
268	3271
268	3494
268	1396
269	2084
269	3352
269	816
269	1335
269	1142
270	719
270	1168
270	3139
270	2730
270	1684
270	3184
271	2452
271	1357
271	714
271	1370
271	2207
271	1018
272	1724
272	1760
272	2247
272	508
272	2777
273	636
273	3408
273	3561
273	3424
273	1010
273	2218
274	1414
274	780
274	2139
274	2896
274	3464
274	1891
275	3576
275	1547
275	3165
275	486
275	2059
275	3212
276	3016
276	2161
276	2621
276	1949
276	488
277	2053
277	587
277	3005
277	3395
277	2172
277	2804
278	291
278	1352
278	1630
278	1025
278	2981
278	1271
279	3424
279	2872
279	2095
279	2450
279	1126
279	2913
280	3484
280	965
280	2259
280	2295
280	788
280	574
281	3626
281	1208
281	2867
281	1669
281	365
282	1870
282	1525
282	3437
282	3586
282	1281
282	1916
283	386
283	1471
283	3039
283	2819
283	2527
283	2835
284	1913
284	1041
284	2405
284	1046
284	2122
285	1788
285	2735
285	2193
285	1705
285	2046
285	2157
286	1578
286	2887
286	1600
286	364
286	715
286	994
287	1740
287	1941
287	313
287	2902
287	3187
287	2024
288	2812
288	1749
288	2769
288	1850
288	752
288	2019
289	2740
289	2533
289	3175
289	1126
289	2913
289	1182
290	1030
290	3069
290	367
290	3432
290	3118
291	352
291	3415
291	1352
291	1630
292	1858
292	438
292	3383
292	2143
293	3370
293	1557
293	2543
293	1325
293	1947
293	468
294	716
294	3155
294	1178
294	3057
294	2853
294	1970
295	2751
295	3066
295	1026
295	3476
295	2045
295	3361
296	2750
296	1794
296	440
296	1231
296	3620
296	3271
297	3048
297	451
297	2055
297	3284
297	3562
297	2666
298	2854
298	3417
298	3030
298	1561
299	3221
299	1502
299	1176
299	1864
299	597
299	3384
300	2062
300	883
300	3427
300	1088
300	970
301	1616
301	1612
301	2037
301	2192
301	2393
301	1931
302	2155
302	1033
302	2265
302	1737
302	3161
303	3631
303	1703
303	2877
303	1588
303	2138
303	838
304	3024
304	3569
304	2756
304	471
305	3265
305	709
305	2609
305	1280
305	2068
306	1123
306	1275
306	1488
306	1209
306	1449
306	735
307	2440
307	2184
307	631
307	967
307	2711
307	2744
308	629
308	2359
308	531
308	2890
308	1296
308	940
309	3429
309	895
309	1152
309	678
309	3443
310	2089
310	3114
310	1244
310	1306
310	1610
310	2619
311	2067
311	3480
311	415
311	1145
311	2632
312	1681
312	927
312	858
312	3283
313	2054
313	2800
313	3113
313	2902
313	3187
314	3399
314	383
314	707
314	3404
314	3560
315	2084
315	3509
315	1440
315	340
315	1945
315	3321
316	1676
316	559
316	2869
316	801
316	2560
316	3297
317	732
317	503
317	2032
317	3131
317	963
317	1377
318	430
318	2302
318	1090
318	1431
318	1880
319	749
319	3070
319	2667
319	434
319	3314
320	987
320	1521
320	2407
320	784
320	3181
321	1722
321	2722
321	3063
321	566
321	2586
321	3555
322	2562
322	2611
322	578
322	2044
322	2253
323	3318
323	2627
323	1380
323	1867
324	1660
324	982
324	1723
324	2972
324	1225
325	3244
325	2882
325	2064
325	1281
325	1150
326	2768
326	2487
326	2943
326	644
326	3623
326	2023
327	3029
327	1011
327	2251
327	1065
327	3079
328	641
328	2235
328	1978
328	3498
329	3110
329	870
329	800
329	2891
329	2180
330	3317
330	3267
330	1514
330	1387
330	2946
330	3130
331	384
331	1297
331	949
331	2113
331	2099
331	2417
332	1400
332	3003
332	2834
332	1002
333	2073
333	1668
333	604
333	404
333	2799
334	1702
334	725
334	1147
334	1732
335	1215
335	1744
335	1847
335	2581
335	1286
335	1639
336	2876
336	601
336	2297
336	2354
336	2788
336	593
337	3014
337	2094
337	1193
338	1740
338	1111
338	1941
338	2542
339	995
339	2298
339	2426
339	2002
339	2613
340	1440
340	3321
340	2044
340	3065
341	1623
341	1344
341	696
341	3535
341	654
341	2413
342	514
342	3544
342	1789
342	857
342	713
342	2790
343	2906
343	2528
343	818
343	3456
343	3628
344	2599
344	1275
344	3198
344	904
344	1651
344	1841
345	1375
345	3390
345	1408
345	2098
345	2300
346	1047
346	2524
346	2464
346	1113
346	1027
346	2814
347	470
347	3046
347	2693
347	2871
347	626
348	3083
348	2400
348	1604
348	2563
348	1710
349	1927
349	1137
349	968
349	1417
349	1627
349	2285
350	1874
350	1061
350	2360
350	356
350	598
350	1719
351	2593
351	795
351	3338
351	1353
351	546
351	1183
352	1916
352	3415
352	3539
352	622
352	1352
353	2036
353	2216
353	1780
353	437
353	1620
353	1468
354	1782
354	2829
354	2923
354	3392
354	2009
354	2867
355	1499
355	3597
355	862
355	1392
355	2623
355	2786
356	1874
356	746
356	2171
356	598
356	2927
357	3037
357	1344
357	3135
357	799
358	3100
358	1253
358	2215
358	665
358	2104
358	444
359	2491
359	743
359	416
359	1504
359	3038
359	2861
360	635
360	2381
360	851
360	2392
360	1158
360	1730
361	2669
361	2460
362	3454
362	3621
362	1055
362	828
362	702
362	3418
363	2277
363	2880
363	1885
363	1599
363	1482
363	2357
364	428
364	1600
364	1962
364	994
365	1879
365	2688
365	1364
365	3626
365	1669
366	3122
366	2415
366	1929
366	2584
366	1760
366	1954
367	1734
367	2348
367	3432
367	3314
368	2600
368	1476
368	1649
368	634
368	2907
368	1078
369	3551
369	2129
369	1335
369	445
369	1700
369	447
370	1438
370	640
370	1110
370	3406
370	1184
370	1753
371	668
371	1112
371	2337
371	728
371	852
372	2399
372	3529
372	2875
372	1528
372	1383
372	2808
373	999
373	2085
373	2755
373	2464
374	1994
374	1661
374	3569
375	2389
375	755
375	1646
375	1897
375	3182
375	3180
376	3164
376	2238
376	2154
376	1016
377	2505
377	911
377	1762
377	1732
378	477
378	1579
378	1203
378	3537
378	2202
378	3026
379	3096
379	1890
379	3489
379	2491
379	743
379	467
380	1321
380	612
380	947
380	2063
380	2999
380	1780
381	2353
381	2192
381	1955
381	2992
381	2204
381	486
382	934
382	3349
382	831
382	1905
382	1214
382	2567
383	3399
383	1566
383	1526
383	2484
383	707
384	2577
384	2113
384	2417
384	869
384	844
385	1638
385	1497
385	2848
385	2323
385	3439
385	3526
386	1471
386	1106
386	738
386	3039
386	3140
387	927
387	858
387	3058
387	1395
388	3512
388	1556
388	533
388	2349
388	3201
389	1790
389	3207
389	3580
389	2714
389	835
390	1888
390	2241
390	2080
390	639
391	940
391	1813
391	2761
391	3428
392	3094
392	1249
392	2107
392	2314
392	3598
393	3547
393	2436
393	3242
393	2250
393	1967
393	3056
394	551
394	742
394	1943
394	2164
394	2169
395	979
395	3159
395	3149
395	446
395	1228
395	1322
396	789
396	973
396	2082
396	840
397	1721
397	1840
397	3336
397	1201
397	3473
397	1363
398	1638
398	3630
398	1225
398	1625
398	1497
399	2306
399	435
399	2748
399	1594
399	3549
400	1658
400	1045
400	1699
400	2060
400	2719
401	2292
401	3600
401	941
401	2364
401	3166
402	966
402	1002
402	1921
402	1115
402	1050
402	2961
403	1588
403	2138
403	1985
403	2065
403	1963
403	1741
404	2073
404	1396
404	567
404	1076
404	2799
405	1791
405	2467
405	2654
405	442
405	2622
405	1643
406	877
406	736
406	2068
406	1652
406	3045
406	1857
407	849
407	1714
407	1263
407	3532
407	2970
408	1570
408	2229
408	2691
408	2968
409	1940
409	1064
409	523
409	1110
409	3596
409	2128
410	1278
410	2434
410	2173
411	2684
411	3286
411	1586
411	3162
411	1765
411	2582
412	1941
412	2024
412	1453
412	1845
412	1524
413	867
413	1655
413	825
413	1663
413	3516
414	643
414	2723
414	3060
414	2086
414	1381
414	744
415	2067
415	3480
415	3034
415	3047
415	488
416	918
416	743
416	2800
416	3113
416	1504
417	1250
417	521
417	1148
417	1216
417	1661
417	1448
418	3419
418	3058
418	2404
418	1351
418	2593
418	795
419	830
419	2886
419	2918
419	1766
419	896
419	3126
420	3610
420	2998
420	3367
420	3629
420	2429
420	2260
421	1443
421	573
421	3324
421	3277
421	2241
421	1591
422	1193
422	1817
422	2938
422	3073
422	2571
422	1429
423	2418
423	1567
423	3137
423	1534
423	3010
423	3593
424	963
424	1666
424	2933
424	3082
424	2249
424	3061
425	2685
425	1690
425	429
425	2516
425	3458
426	1932
426	706
426	1251
426	1572
426	2206
427	2597
427	1641
427	791
427	3147
427	2589
427	3582
428	1127
428	1600
428	1962
428	1796
428	2625
429	3141
429	3458
429	1974
429	3072
430	2258
430	1330
430	2302
430	1880
430	1755
431	3202
431	2630
431	2041
431	710
432	1774
432	2363
432	1436
432	2850
432	3476
432	2659
433	1773
433	839
433	943
433	3339
433	3451
434	3070
434	3270
434	3160
435	2306
435	1792
435	2588
435	664
436	448
436	953
436	802
436	3108
436	3085
436	3322
437	2063
437	1780
437	1468
437	2246
437	1644
438	3288
438	1858
438	1932
438	2925
439	3011
439	3568
439	676
439	3230
439	1087
440	1794
440	1231
440	1909
440	2376
441	1969
441	1908
441	2646
441	2660
441	3609
441	1246
442	2662
442	3009
442	2168
442	2654
442	2622
443	2020
443	732
443	1640
443	834
443	2526
443	3082
444	1253
444	665
444	954
445	3551
445	1700
445	3376
445	775
445	2253
446	3337
446	979
446	3119
446	3000
446	1322
447	3530
447	2129
447	3352
447	2915
447	1335
448	2976
448	2347
448	953
448	3085
449	2797
449	638
449	1755
449	3474
449	1447
449	2005
450	1751
450	1229
450	498
450	2100
451	562
451	552
451	2055
451	3284
451	2440
452	2322
452	1861
452	2355
452	2496
452	1574
452	3557
453	2768
453	1184
453	1753
453	1005
454	1154
454	2802
454	1253
454	2555
455	2474
455	1967
455	824
455	3056
456	2758
456	897
456	3178
456	1042
456	2263
456	2839
457	3604
457	1083
457	1846
457	1006
457	3515
458	3068
458	2431
458	3335
458	3467
458	1093
459	1331
459	1411
459	2328
459	2283
459	896
459	3126
460	2818
460	1624
460	3332
460	2697
460	827
461	3035
461	2677
461	3134
461	1815
461	1234
462	528
462	2908
462	783
462	1456
462	2242
462	2476
463	1163
463	1922
463	1802
463	1908
463	3149
463	3609
464	3482
464	3142
464	3249
464	3248
464	474
464	1255
465	1393
465	3057
465	2853
465	2027
465	572
465	1495
466	912
466	3543
466	2727
466	2308
466	2428
466	2230
467	3489
467	2491
467	2743
468	1556
468	2279
468	2543
468	1947
469	1445
469	817
469	2025
469	3062
469	3568
470	811
470	1831
470	3046
470	2342
470	2871
471	2756
471	1448
471	630
471	1793
472	570
472	3087
472	1984
472	2388
473	2165
473	3064
473	2038
473	2344
473	2980
474	3482
474	1457
474	1255
474	2301
474	2616
475	2015
475	3374
475	1196
475	2901
475	2956
475	3052
476	1268
476	2948
476	2791
476	2325
477	1579
477	1135
477	2202
477	520
478	970
478	3332
478	3173
478	2697
478	2152
479	985
479	574
479	3298
479	3313
480	900
480	1054
480	2314
480	3042
480	1452
481	1012
481	1977
481	1224
481	819
481	2338
481	2143
482	826
482	1529
482	753
482	1233
482	3094
483	3407
483	3512
483	3318
483	1694
483	2725
483	3201
484	1015
484	3393
484	1217
484	722
484	1787
484	2335
485	530
485	1259
485	3071
486	2353
486	3165
486	2992
486	2059
487	1489
487	3237
487	3141
487	2433
487	1974
487	1084
488	3034
488	3047
488	1949
489	1912
489	3293
489	2575
489	1996
489	2805
489	3081
490	1439
490	787
490	1354
490	545
490	3445
490	878
491	1415
491	1959
491	3085
491	3322
491	3610
491	2260
492	2837
492	1783
492	873
492	2603
492	2472
492	1902
493	3589
493	1270
493	1284
493	1549
493	3491
493	2315
494	2168
494	2654
494	2778
494	2947
494	990
494	1185
495	3104
495	2244
495	2504
495	3128
495	628
495	3412
496	931
496	1976
496	3417
497	1212
497	2026
497	3615
497	2910
497	3066
497	2659
498	2645
498	1766
498	1229
498	1282
498	2100
499	2936
499	3099
499	2635
499	3454
499	3621
500	952
500	1833
500	1884
500	2299
500	2154
500	3209
501	2515
501	2358
501	2368
501	1717
501	1875
501	712
502	1360
502	2852
502	898
502	2780
502	1216
502	2658
503	1143
503	732
503	3456
503	1640
503	3131
504	2724
504	2716
504	1843
504	1267
504	3021
504	1920
505	3270
505	3117
505	959
505	3146
506	2652
506	2340
506	1509
506	2995
506	2547
506	1165
507	1605
507	3183
507	2485
507	1893
507	1872
507	3293
508	2247
508	3625
508	2777
508	1355
509	1393
509	2217
509	659
509	1114
510	1797
510	3460
510	1242
510	1917
510	1474
510	3285
511	2837
511	1856
511	873
511	1938
511	1245
511	1814
512	1404
512	607
512	1240
512	3385
512	1426
512	1664
513	577
513	3241
513	2356
513	1416
513	3413
513	2687
514	1460
514	857
514	713
514	3394
514	1778
515	2324
515	2675
515	1671
515	1712
515	3391
515	3266
516	3226
516	1811
516	770
516	1469
517	1101
517	950
517	3110
517	2233
517	3528
518	1575
518	2065
518	2585
518	2717
518	840
518	1741
519	1382
519	2828
519	2765
519	1934
519	1691
520	1135
520	858
521	1360
521	1148
521	1555
521	1216
521	652
522	2294
522	1108
522	3195
522	2742
522	1000
523	2613
523	1940
523	2051
523	1686
523	3596
524	1751
524	762
524	3095
524	535
524	995
525	2031
525	2974
525	3041
525	1892
525	2398
526	3170
526	1189
526	2732
526	1619
527	809
527	1138
527	2928
527	3622
527	614
527	3537
528	2908
528	2382
528	783
528	3028
529	3251
529	1785
529	3583
529	2780
529	3523
530	888
530	1259
530	2090
530	1980
531	2359
531	1842
531	2247
531	1296
532	1077
532	2736
532	3570
532	663
533	1020
533	763
533	3201
533	2883
534	1993
534	977
534	1873
534	3002
534	717
534	2950
535	1331
535	1751
535	1411
535	3095
535	3323
536	2424
536	1094
536	1489
536	1207
536	2486
536	2125
537	845
537	793
537	2430
537	3183
537	2093
537	1987
538	2127
538	3493
538	2255
539	2195
539	1642
540	627
540	3167
540	3457
540	2655
540	3017
540	605
541	2311
541	2036
541	1620
541	1141
541	3469
541	2473
542	2449
542	2255
542	1131
542	928
542	1327
542	1405
543	838
543	2321
543	3273
543	3264
543	1592
543	1614
544	899
544	1674
544	1069
544	2356
544	1416
545	3445
545	878
545	864
545	3511
545	3495
546	795
546	3336
546	2061
546	1183
546	1363
547	2459
547	2946
547	689
547	1268
547	1914
548	3531
548	1039
548	2096
548	3459
548	2226
549	1181
549	3455
549	2518
549	1425
549	2546
549	2173
550	3020
550	2185
550	745
550	3080
550	986
550	2017
551	1943
551	3175
551	2450
551	1126
552	670
552	2055
552	774
552	2440
552	631
553	823
553	3214
553	757
553	2782
553	992
553	1140
554	1311
554	646
554	1269
554	2937
554	1428
555	2519
555	2431
555	583
555	1093
556	3008
556	2696
556	3489
557	2399
557	1398
557	1527
557	2875
558	2112
558	3246
558	1318
558	3226
558	1376
559	1993
559	1701
559	3002
559	2560
559	3297
560	1540
560	2257
560	1910
560	2326
560	3389
561	2433
561	1084
561	2225
561	2610
561	2718
562	2596
562	3284
562	1907
562	2440
562	2184
563	1852
563	2695
563	1121
563	2885
563	2341
564	900
564	3033
564	659
564	3381
564	3042
565	2130
565	1657
565	3438
565	1513
565	1826
565	2252
566	1407
566	2722
566	3290
566	2586
566	3155
567	1396
567	1991
567	762
567	1076
568	3218
568	1293
568	1239
568	2042
569	1903
569	1539
569	2948
570	1615
570	1430
570	1156
570	3087
571	3510
571	1503
571	2828
571	1461
571	2765
571	1388
572	2027
572	1495
572	1054
572	3345
572	3538
573	1443
573	1591
573	2447
573	2618
574	2259
574	788
574	3298
574	3313
575	2892
575	2764
575	803
575	814
575	1298
576	3091
576	924
576	1438
576	2809
576	3632
576	3406
577	882
577	664
577	3241
577	2356
578	2611
578	1707
578	3018
579	3173
579	1446
579	1975
579	3051
579	1844
579	2708
580	2132
580	3274
580	3588
580	2468
580	1995
580	2188
581	3587
581	1465
581	2483
581	2043
581	2737
582	3054
582	957
582	2583
582	1595
583	2519
583	2319
583	687
583	3169
584	697
584	1297
584	603
584	1338
584	2169
585	1929
585	3258
585	2194
585	2425
585	1842
586	1520
586	2402
586	645
587	894
587	2053
587	2288
587	2642
587	3005
588	1262
588	3257
588	1133
588	3204
589	863
589	991
589	2438
589	939
589	1248
589	2735
590	2171
590	1646
590	2927
590	2469
590	832
590	2844
591	2816
591	1951
591	3255
591	2580
591	2626
591	1164
592	2836
592	2879
592	1123
592	1209
592	2920
592	3205
593	1096
593	2297
593	2354
593	1806
594	3522
594	2302
594	3157
594	3430
594	2456
595	3224
595	2525
595	2636
595	1999
596	1776
596	2010
596	2532
596	2280
596	1032
596	1596
597	1864
597	3043
597	2493
597	2108
597	3384
598	755
598	2361
598	2927
598	1719
599	1063
599	2486
599	1869
599	1964
599	2457
599	2091
600	3616
600	920
600	3473
600	1391
600	3409
600	2568
601	2876
601	2702
601	2018
601	3264
601	2788
602	705
602	3375
602	2316
602	3366
603	697
603	1297
603	949
603	2947
603	1185
604	847
604	2799
604	3049
605	2655
605	3017
605	2058
605	3590
605	1645
606	865
606	2116
606	1623
606	2478
606	696
606	2114
607	1404
607	1582
607	2243
607	2397
607	1240
608	2789
608	3382
608	2374
608	2412
609	1419
609	1432
609	2077
609	3566
609	3577
610	1434
610	3359
610	2541
610	2371
611	3378
611	1359
611	3591
611	1478
611	3015
611	3027
612	2177
612	1455
612	1081
612	1321
612	947
613	972
613	2444
613	2499
613	3129
614	809
614	3470
614	1579
614	3537
614	1882
615	2372
615	1379
615	804
615	681
615	2614
615	2003
616	2110
616	2553
616	2710
616	807
616	2644
616	645
617	1154
617	2087
617	2802
617	2897
617	1031
618	3558
618	1901
618	1460
618	2624
618	1543
619	891
619	972
619	2303
619	2975
619	2831
620	1781
620	3619
620	3599
620	2187
620	761
620	3564
621	2653
621	1384
621	3199
621	2675
621	1671
621	2561
622	3281
622	3539
622	1764
622	1352
622	675
623	2671
623	1284
623	2695
623	1549
623	2885
623	3229
624	1853
624	906
624	903
624	1718
624	2810
624	1501
625	2978
625	813
625	3051
625	2709
625	1844
625	1295
626	2693
626	854
626	2871
626	3386
626	3233
627	3167
627	1759
627	2655
628	3128
628	2191
628	2174
628	2409
628	3412
629	1461
629	1388
629	2387
629	2359
629	2890
630	2756
630	1793
630	1806
630	3191
631	774
631	2440
631	1433
631	2744
632	1178
632	1323
632	812
632	3339
632	1531
632	3451
633	2501
633	1211
633	1927
633	2160
633	1137
634	1080
634	2510
634	1476
634	2907
635	1261
635	851
635	1158
635	1679
635	2984
636	2238
636	1016
636	3408
636	3176
636	3561
637	2729
637	1608
637	2102
637	3211
637	667
638	2511
638	1880
638	1755
638	2576
638	2005
639	769
639	3324
639	2241
640	847
640	1438
640	3049
640	1064
640	1110
641	3542
641	1978
641	3490
641	1372
642	2322
642	2066
642	3192
642	2339
642	3557
643	3619
643	2187
643	3060
643	2904
643	744
644	2959
644	2487
644	810
644	3623
645	1520
645	2553
645	2402
645	2644
646	912
646	2937
646	2727
646	1428
647	3604
647	2333
647	1846
647	2406
647	3548
648	1821
648	818
648	3628
648	1699
648	2060
649	1942
649	2643
649	3278
649	2935
649	2993
650	1900
650	3408
650	1010
650	1129
651	2641
651	926
651	1837
651	815
651	1854
651	3436
652	1360
652	2766
652	2585
652	1555
652	2386
653	3253
653	1303
653	3365
653	2258
653	1220
653	1330
654	1344
654	799
654	1202
654	2572
654	2413
655	1524
655	1937
655	892
655	2120
655	2303
655	2975
656	1594
656	2210
656	2904
656	3360
656	3549
656	3239
657	776
657	778
657	1837
657	815
657	2979
657	2579
658	2822
658	1538
658	3365
658	971
658	1220
658	2672
659	3381
659	2728
659	1114
660	2598
660	3220
660	2726
660	3541
660	2566
660	2366
661	3239
661	882
661	3145
661	1342
661	3241
662	3252
662	3102
662	1824
662	3209
662	2367
662	1767
663	2736
663	1680
663	3486
663	1389
664	1674
664	2588
664	2356
665	2030
665	3344
665	2215
665	954
666	2115
666	3462
666	3232
666	1299
666	3553
666	2873
667	2102
667	3211
667	1852
667	2671
667	2695
668	2421
668	2337
669	1265
669	1756
669	2847
669	2228
669	2982
669	1074
670	1071
670	2055
670	2557
670	774
670	1803
671	2494
671	2929
671	1754
671	937
671	2607
671	3605
672	1686
672	3596
672	1682
672	1361
673	2211
673	3400
673	1950
673	3351
673	2237
673	2270
674	1894
674	1595
674	3514
674	1029
674	1746
675	1764
675	1352
675	2981
675	3008
675	1890
676	3011
676	893
676	1850
676	1087
676	2390
677	780
677	2771
677	1825
677	1081
677	1891
677	2284
678	1152
678	1851
678	3443
678	1535
679	886
679	2006
679	3503
680	2983
680	1597
680	3200
680	845
680	703
680	2430
681	2399
681	1527
681	1379
681	804
681	1528
682	699
682	2333
682	1204
682	1689
682	3268
683	1136
683	1681
683	1834
683	1786
683	989
684	1091
684	1442
684	983
684	1948
684	2625
685	1589
685	3345
685	2949
685	826
685	2107
685	3538
686	3132
686	2926
686	1005
686	3613
687	2319
687	2179
687	3101
687	3169
688	2550
688	881
688	2332
688	700
688	2420
688	2009
689	2946
689	3130
689	3121
689	1914
689	1188
690	1036
690	1609
690	2960
690	1023
690	2605
691	772
691	938
691	3524
691	891
691	2651
691	2831
692	777
692	3350
692	2329
692	3055
692	2679
693	3190
693	2212
693	1672
693	2296
694	2454
694	953
694	3250
694	802
694	1901
695	3260
695	2488
695	1263
695	1822
695	1073
695	3353
696	1623
696	1344
696	2478
697	1185
697	2164
697	2169
698	926
698	1837
698	1726
698	2770
698	1569
698	2579
699	1266
699	2158
699	1204
699	1116
700	2550
700	3496
700	2759
700	2420
700	2677
701	1550
701	751
701	2984
701	1820
701	1490
701	2049
702	828
702	1683
702	2840
702	3418
702	3581
703	1194
703	717
703	2983
703	1605
703	2430
704	3045
704	1219
704	1857
704	1442
704	2633
704	3031
705	3375
705	1981
705	2477
705	3425
706	1932
706	850
706	1716
706	2206
707	1526
707	1808
707	3404
707	3103
708	843
708	1319
708	2745
708	3383
708	2507
709	2763
709	3379
709	3265
709	2549
710	1418
710	980
710	3202
710	2630
710	2146
711	3050
711	3162
711	2518
711	3534
711	2582
712	1717
712	1875
712	3104
712	1979
712	1475
713	2790
713	2782
713	1778
713	2239
714	2452
714	1357
714	2087
714	2897
715	1578
715	2887
715	2156
715	2628
715	2227
716	1407
716	3155
716	1178
716	3451
717	1993
717	1194
717	2983
717	2950
718	1467
718	3231
718	1024
718	1188
718	1310
718	2707
719	975
719	3463
719	3575
719	1168
719	1684
720	2181
720	2103
720	2748
720	2535
720	2331
721	2186
721	1198
721	724
721	1062
721	2151
721	1637
722	1958
722	3393
722	3203
722	2313
722	2335
723	1049
723	2025
723	1496
723	1371
723	1329
723	2680
724	2186
724	2022
724	1198
725	1702
725	3437
725	3586
725	1147
725	2615
726	1350
726	1290
726	2803
726	3161
727	2539
727	2158
727	2691
727	3245
727	1532
728	2337
728	1570
728	2229
728	852
728	798
729	3435
729	3556
729	2623
729	1221
729	2760
729	2594
730	3422
730	1680
730	1389
730	1079
730	1134
730	1552
731	1128
731	1007
731	3279
731	3269
731	3378
731	3591
732	1640
732	963
732	3082
733	3244
733	3311
733	1222
733	1770
733	3346
733	2403
734	1580
734	2942
734	1120
734	1536
734	2775
734	2144
735	1275
735	1488
735	1841
735	2807
735	2095
736	1859
736	1374
736	2068
736	1652
737	946
737	1748
737	2633
737	2156
737	2628
738	1106
738	3039
738	2109
738	2556
738	2757
739	766
739	1259
739	3492
739	2678
739	1980
739	3421
740	2846
740	3551
740	2129
740	2159
741	1651
741	1841
741	2807
741	1943
741	2164
742	1338
742	1919
742	3490
742	2169
743	3096
743	2491
743	918
744	2904
744	1381
744	1522
744	3360
745	3020
745	3214
745	3080
745	992
745	1317
746	1874
746	1799
746	1518
746	2171
746	1378
747	1576
747	2205
747	2989
747	3185
747	2836
747	2879
748	3220
748	2117
748	1687
748	3565
748	760
748	3562
749	2248
749	1734
749	786
749	2667
749	3314
750	3373
750	3602
750	2012
750	1136
750	989
751	1550
751	2482
751	3536
751	1490
751	2304
752	2769
752	1567
752	1534
752	3001
752	2019
753	2074
753	1529
753	3194
753	3334
753	1233
754	2926
754	2943
754	2023
754	1747
754	3559
754	3571
755	1646
755	2361
755	3180
755	2927
756	2889
756	1707
756	3580
756	1403
756	1835
756	2733
757	2305
757	823
757	2564
757	2790
757	2782
758	1427
758	3074
758	2254
758	2432
758	1292
759	856
759	3184
759	1563
759	3303
759	1128
760	2598
760	3220
760	2596
760	3284
760	3562
761	3599
761	2187
761	2210
761	2331
762	1991
762	3095
762	995
763	2620
763	836
763	1001
763	1020
763	2883
764	1199
764	3315
764	2832
764	2570
764	1412
764	2893
765	3504
765	2266
766	2973
766	3492
766	2214
766	2458
766	1980
767	1026
767	2775
767	3361
767	1491
767	2749
767	3320
768	3038
768	1153
768	2649
768	2861
768	3540
768	2182
769	813
769	2466
769	3387
769	3324
770	1811
770	2076
770	1956
770	2809
771	2635
771	3454
771	1055
771	2721
771	1996
771	2805
772	3113
772	1504
772	2902
772	3524
772	2651
773	2813
773	1043
773	1477
773	3040
773	2827
773	2754
774	1803
774	1881
774	1433
775	2846
775	3551
775	3376
775	1790
775	3207
776	1907
776	2184
776	778
776	2711
776	815
777	1554
777	1631
777	3112
777	2329
777	2679
778	2007
778	1907
778	3272
778	2979
779	2519
779	3327
779	3363
779	3025
779	3467
779	1093
780	1414
780	1613
780	1825
780	1891
781	3463
781	1533
781	2932
781	1684
781	2463
782	1459
782	3484
782	3299
782	3307
782	2259
782	956
783	2240
783	2242
784	1129
784	3181
784	2074
784	3563
785	1693
785	3452
785	3006
785	1710
785	3356
786	3348
786	2248
786	1748
786	2667
786	2824
787	2551
787	2197
787	1354
787	878
788	1562
788	923
788	2295
788	3313
789	1402
789	1339
789	1575
789	840
790	3078
790	976
790	3097
790	2815
790	876
791	1745
791	836
791	2597
791	2883
791	1641
792	1826
792	877
792	1280
792	3213
792	3477
793	845
793	3607
793	3518
793	1866
793	1987
794	1024
794	2271
794	3492
794	2707
794	2678
795	1351
795	2593
795	3336
796	1863
796	861
796	2070
796	969
796	3398
796	1729
797	2453
797	811
797	2784
797	1723
797	1673
797	2201
798	2851
798	1266
798	2337
798	1570
798	3245
799	1344
799	3135
799	1935
799	1202
800	3110
800	3528
800	3316
801	2936
801	1676
801	2869
801	2635
801	2721
802	953
802	1901
802	3108
802	2624
803	2764
803	809
803	3470
803	1968
803	1298
804	2614
804	841
804	1528
804	1628
805	2973
805	2783
805	2090
805	2558
805	2517
806	1939
806	817
806	1888
806	3507
806	1049
807	2969
807	3009
807	3098
807	2710
807	2644
808	3527
808	2962
808	1492
808	2213
808	1160
809	2764
809	1138
809	3470
810	912
810	2959
810	2487
810	2937
810	3543
811	2784
811	1831
811	2201
811	2342
812	2446
812	1323
812	3339
812	3143
813	2978
813	2709
813	2466
813	3387
814	2764
814	2656
814	3603
814	1300
815	2711
815	2641
815	1837
816	2084
816	1440
816	1335
816	1700
816	2562
817	1445
817	1939
817	1049
817	2025
818	1143
818	3456
818	3628
818	2060
819	2318
819	1224
819	1858
819	3453
819	2143
820	3109
820	3242
820	884
820	1000
820	2250
820	1017
821	1884
821	2367
821	3369
821	2821
822	2971
822	1959
822	3092
822	1301
822	3610
822	3629
823	1545
823	2305
823	2988
823	3214
824	3022
824	1967
824	3036
825	2183
825	1663
825	2416
825	3516
826	2949
826	1529
826	3094
826	2107
827	1624
827	1037
827	2056
827	3444
828	3621
828	1948
828	1683
828	1796
829	936
829	2459
829	1040
829	1539
829	1268
830	2886
830	896
831	1905
831	1214
831	3618
832	1192
832	2469
832	2844
832	2529
833	1337
833	868
833	2305
833	1463
833	3144
833	2564
834	3007
834	998
834	2020
834	2528
834	1640
835	2714
835	1771
835	973
836	960
836	2620
836	1745
836	2883
837	938
837	972
837	1368
837	2831
837	2444
838	3631
838	2138
838	2321
838	3273
839	943
839	3174
840	1575
840	2717
841	2261
841	1313
841	1528
841	2808
841	1628
842	3047
842	3389
842	3499
842	3442
843	925
843	1319
843	1251
843	3383
843	1585
844	2577
844	3023
844	2123
844	908
844	2113
845	3200
845	3518
845	2430
846	2538
846	2334
846	2781
846	2136
847	3091
847	1438
847	3049
848	1783
848	3617
848	1533
848	3354
848	2240
849	3469
849	2473
849	2970
849	981
850	1932
850	2648
850	2273
850	2925
851	2381
851	3072
851	1679
852	1112
852	2377
852	2229
853	2452
853	3433
853	1865
853	3502
853	2897
853	1031
854	2849
854	2871
854	1603
854	2461
854	3386
855	1120
855	3574
855	3319
855	1414
855	2896
855	1067
856	1821
856	3139
856	3184
856	1563
857	3558
857	1460
857	1789
857	1058
858	927
859	1057
859	1508
859	3053
859	1515
859	957
859	3519
860	1249
860	1802
860	1969
860	3609
861	2070
861	1729
862	1243
862	3597
862	2786
862	1584
863	1035
863	1500
863	991
863	1105
863	939
864	1698
864	3445
864	2795
864	1647
864	3495
865	3546
865	2116
865	1315
865	2400
865	2114
866	2193
866	1705
866	933
866	3472
866	3331
867	1655
867	3516
867	2703
867	2033
867	3310
868	3414
868	2548
868	1337
868	2494
868	1463
869	2577
869	2417
870	3110
870	2008
870	2233
870	2047
870	2891
871	3347
871	2273
871	2881
871	1274
871	3210
872	1434
872	1464
872	1400
872	1349
872	2834
873	2837
873	3151
873	1814
873	1902
874	1886
874	3448
874	982
874	2344
874	2980
875	3039
875	2109
875	2819
875	2900
876	3078
876	1627
876	1618
876	1033
877	1280
877	2068
877	3477
877	3045
878	2341
878	3511
879	3540
879	3380
879	2182
879	2127
879	1223
879	3493
880	883
880	2448
880	1839
880	1088
880	1279
881	1998
881	1367
881	2957
881	2550
881	2332
882	3549
882	3239
882	3241
883	1102
883	2062
883	2448
883	1088
884	1473
884	3106
884	3109
884	2250
884	3036
885	3606
885	2282
885	3116
885	2126
886	1558
886	3503
887	1981
887	2477
887	2796
887	3112
887	2329
888	2090
888	2558
889	2634
889	2235
889	2740
889	1182
889	2234
890	1571
890	903
890	3368
890	1718
890	3377
891	3524
891	1845
891	2303
891	2831
892	1453
892	1508
892	1524
892	2120
892	3053
893	1915
893	3011
893	2955
893	3550
893	2390
894	2524
894	2053
894	2288
895	3429
895	1558
895	3150
895	3443
895	1809
896	2328
896	3126
897	2758
897	3185
897	2839
897	2016
897	2706
898	1360
898	2221
898	2780
898	2386
899	2000
899	1674
899	1069
899	2339
900	2027
900	1054
900	3042
901	1958
901	2137
901	3390
901	1171
901	2072
901	1408
902	2160
902	1137
902	1665
902	968
902	1205
903	1718
903	3377
903	3280
903	2810
904	2199
904	3198
904	2778
904	990
904	1651
905	1581
905	2384
905	1172
905	3440
905	1029
906	2892
906	2665
906	2810
906	1501
907	1252
907	2995
907	1165
907	2618
907	917
908	3023
908	3098
908	2123
908	2402
908	2644
909	1201
909	1104
909	3409
909	937
909	3342
909	1654
910	2308
910	2690
910	2189
910	1028
910	3517
910	2776
911	2505
911	1572
911	1585
911	1762
912	2937
912	3543
912	2727
913	2465
913	1356
913	2604
913	1466
913	2595
913	2842
914	1725
914	1008
914	3338
914	1386
914	1007
914	3269
915	1289
915	3573
915	3059
915	2538
916	1505
916	3487
916	3272
916	3611
916	2979
916	2198
917	1252
917	3312
917	2977
917	2618
917	3234
918	1157
918	1271
918	3096
918	2800
919	2863
919	1887
919	2272
919	1057
919	1066
919	3519
920	2172
920	3189
920	3616
920	2804
920	1391
921	2569
921	2661
921	2823
921	1272
921	3148
921	1523
922	1428
922	2987
922	1072
922	2236
923	1161
923	3340
923	1562
923	2011
923	2295
924	3091
924	3204
924	3120
924	1811
924	2809
925	2505
925	1319
925	1585
926	1837
926	3436
926	1812
926	2770
927	3283
927	1986
928	2255
928	3282
928	1405
929	1702
929	3281
929	2615
929	2565
930	1878
930	3158
930	965
931	2860
931	2854
931	3417
932	1310
932	2265
932	2214
932	2738
932	2458
932	1737
933	3472
933	3331
933	3151
933	1814
933	3500
934	3349
934	1905
935	2868
935	2225
935	2610
935	3138
935	1798
936	979
936	3159
936	3152
936	1040
936	1539
937	1104
937	2929
937	2607
937	1654
938	2649
938	2651
938	1368
938	2831
939	1105
939	2735
939	2193
940	2890
940	1296
940	2761
941	2435
941	996
941	2462
941	2364
942	1141
942	2473
942	981
942	2554
942	3069
942	3263
943	2001
943	1773
943	3499
944	1252
944	1493
944	2547
944	1165
944	1830
944	1218
945	3254
945	2202
945	1146
945	3026
945	1422
945	1849
946	2414
946	1736
946	1219
946	2633
947	1455
947	1507
947	2490
947	2999
948	2819
948	2900
948	2835
948	1048
948	3372
949	1297
949	2947
949	2113
949	1413
950	3225
950	3217
950	1101
950	2145
950	2233
951	2293
951	1566
951	3288
951	2484
951	3453
951	962
952	2256
952	1833
952	1810
952	2154
953	2347
953	2454
954	1860
954	3344
955	2612
955	1103
955	993
955	2089
955	1610
956	3307
956	2259
956	1369
956	3298
956	1587
957	1515
957	3054
957	2583
957	3519
958	3150
958	1423
958	3163
958	2392
958	1730
959	3117
959	1333
959	2223
959	2753
959	3146
960	1937
960	2120
960	3105
960	2620
960	1745
961	1430
961	1191
961	1176
961	2694
961	3384
962	3288
962	2648
962	2925
962	2484
963	1377
963	1666
963	3082
964	1378
964	1192
964	2469
964	2963
964	2097
964	984
965	1878
965	3158
965	3484
965	2295
966	1400
966	1313
966	1349
966	1002
966	1921
967	2711
967	2373
967	2641
967	2744
967	2774
968	1137
968	1665
968	3267
968	1417
969	1863
969	2606
969	2083
969	2070
970	1088
970	3173
970	1446
971	3522
971	1220
971	2672
971	2806
971	2456
972	2831
972	2444
973	2714
973	1771
973	2082
974	2911
974	2360
974	3001
974	3240
974	2682
974	2163
975	1688
975	3575
975	2498
975	3076
975	1168
976	3078
976	2723
976	2219
976	1211
976	3097
977	2231
977	1873
977	3508
977	1664
977	2950
978	2791
978	2325
978	2271
978	1733
978	2779
979	3337
979	3159
979	3152
980	3202
980	3188
980	1484
980	1645
980	2146
981	2473
981	2970
981	1030
981	3069
982	1886
982	1225
983	1442
983	3031
983	1578
983	1600
983	2625
984	1192
984	1097
984	2963
984	3295
984	2224
985	3298
985	1587
986	2014
986	2729
986	1608
986	3080
986	2017
987	2407
987	2234
987	2661
987	2823
987	3181
988	2269
988	1835
988	2733
988	2244
988	1247
988	1971
989	3602
989	1136
989	3123
989	1786
990	2778
990	1185
990	1651
991	2106
991	1500
991	3086
991	1248
992	3214
992	1140
992	3262
992	1317
993	1004
993	2612
993	1180
994	1333
994	2887
994	1139
995	2298
996	2435
996	1210
996	3411
996	1772
997	2542
997	2272
997	1057
997	1453
997	1508
998	3007
998	1456
998	2242
998	2378
998	2020
999	1222
999	3346
999	1047
999	2464
1000	3195
1000	2742
1000	3109
1000	1017
1001	3567
1001	2620
1001	1020
1001	1952
1002	1400
1002	1115
1003	2314
1003	3598
1003	1452
1003	2419
1003	1246
1003	1205
1004	2230
1004	1189
1004	2690
1004	2612
1005	1804
1005	3132
1005	1184
1006	1261
1006	1158
1006	1988
1006	3515
1007	1386
1007	3269
1007	3378
1007	1232
1008	1725
1008	3419
1008	1849
1008	2593
1008	3338
1009	3394
1009	1199
1009	1778
1009	2832
1009	1156
1009	1082
1010	3408
1010	2218
1010	1521
1011	3375
1011	3425
1011	3019
1011	1065
1012	1720
1012	3169
1012	1977
1012	1224
1013	1397
1013	1068
1013	2451
1013	3177
1014	2719
1014	1366
1014	2454
1014	1359
1014	3250
1015	3410
1015	2977
1015	3234
1015	1217
1015	1787
1016	1480
1016	2238
1016	3176
1017	2220
1017	3195
1017	1675
1017	3242
1018	1357
1018	2636
1018	2207
1019	1747
1019	2732
1019	1619
1019	2513
1019	1316
1019	1548
1020	3407
1020	1952
1020	3201
1021	1672
1021	3466
1021	1819
1021	2470
1021	2434
1022	1781
1022	3619
1022	2057
1022	1144
1022	3060
1022	1117
1023	1609
1023	2673
1023	1212
1023	2605
1023	2026
1024	1914
1024	1188
1024	2707
1025	1630
1025	1157
1025	1271
1025	1291
1025	3088
1026	2751
1026	1580
1026	2775
1026	3361
1027	1113
1027	2985
1027	1332
1027	2814
1027	3189
1028	3517
1028	3114
1028	3067
1028	2776
1029	3440
1029	3514
1030	2970
1030	1073
1030	3069
1031	1154
1031	3502
1031	2897
1031	3358
1032	2280
1032	1972
1032	1596
1032	2369
1032	1089
1033	3231
1033	1618
1033	2265
1034	1498
1034	3386
1034	3193
1034	3233
1034	2531
1035	1236
1035	1500
1035	1105
1035	2865
1035	2150
1036	3203
1036	2396
1036	2313
1036	1609
1036	2960
1037	3525
1037	1777
1037	2785
1037	2056
1038	2167
1038	1155
1038	2851
1038	1254
1038	1116
1039	3531
1039	3117
1039	2223
1039	2924
1040	2459
1040	3159
1040	2990
1040	1387
1041	1913
1041	2405
1041	2415
1041	1167
1041	3258
1042	1551
1042	2263
1042	2839
1042	1935
1042	1728
1043	2827
1043	1159
1043	1394
1043	2952
1043	2754
1044	2584
1044	3326
1044	2829
1044	1260
1044	1879
1044	3626
1045	2347
1045	1658
1045	3012
1045	2719
1046	3124
1046	2405
1046	2122
1046	3325
1046	2953
1047	3346
1047	2524
1047	2464
1048	2517
1048	3372
1049	3507
1049	2025
1049	1496
1050	1115
1050	2071
1050	3251
1050	1785
1050	2961
1051	1727
1051	3304
1051	2574
1051	1693
1051	3371
1051	3006
1052	1797
1052	2135
1052	2515
1052	2899
1052	2395
1052	2368
1053	3108
1053	1481
1053	2134
1053	3322
1053	3367
1053	2260
1054	2027
1054	3538
1055	3454
1055	1677
1055	2805
1055	3418
1056	1716
1056	2206
1056	1483
1056	1870
1056	2882
1057	2272
1057	1508
1057	3519
1058	3015
1058	3558
1058	3027
1058	1789
1059	2967
1059	3211
1059	3589
1059	2671
1059	1284
1060	1103
1060	3585
1060	2222
1060	3497
1061	1874
1061	2911
1061	2360
1061	3593
1062	2694
1062	1984
1062	1198
1062	3043
1062	2151
1063	1869
1063	2004
1063	1992
1063	2091
1063	1119
1064	1598
1064	1940
1064	3049
1064	1110
1065	3019
1065	3079
1065	2746
1065	1286
1066	1887
1066	1172
1066	2583
1066	3519
1067	3319
1067	1414
1067	1367
1067	1613
1067	2957
1068	1397
1068	2092
1068	1720
1068	1977
1068	2451
1069	2162
1069	3075
1070	1383
1070	1086
1070	2029
1070	2506
1071	2098
1071	2204
1071	2557
1071	1803
1072	1428
1072	1706
1072	2987
1072	2409
1073	1263
1073	2970
1073	3353
1074	2228
1074	2982
1074	2512
1074	2818
1074	1624
1075	2208
1075	3511
1075	2573
1075	3495
1076	2799
1076	2426
1076	1598
1077	2388
1077	2736
1077	3570
1078	3357
1078	1476
1078	2058
1078	3590
1078	1649
1079	1134
1079	1552
1079	1659
1079	2884
1080	3004
1080	2510
1080	1476
1080	1757
1081	2177
1081	1891
1081	1321
1081	2284
1082	1615
1082	3394
1082	2286
1082	1156
1083	3604
1083	3268
1083	3163
1084	1489
1084	2433
1084	1207
1085	1648
1085	3287
1085	2540
1085	1662
1085	1114
1086	2261
1086	1383
1086	2808
1086	2544
1086	2029
1087	3230
1087	1749
1087	1850
1087	2537
1088	1446
1089	1972
1089	2369
1089	3225
1089	1560
1089	2443
1090	2205
1090	1431
1090	2836
1090	3205
1091	1652
1091	3099
1091	1857
1091	1442
1092	2030
1092	3142
1092	3249
1092	3330
1092	1385
1092	3620
1093	2519
1093	2431
1093	3467
1094	2424
1094	1308
1094	1489
1094	3141
1094	3458
1095	3350
1095	3055
1095	1304
1095	2637
1096	2766
1096	1555
1096	1963
1096	2354
1097	1739
1097	2963
1097	3320
1097	2245
1097	2224
1098	1459
1098	1186
1098	3299
1099	1883
1099	2396
1099	1173
1099	1609
1099	2673
1099	2170
1100	1338
1100	1919
1100	1305
1101	3478
1101	3225
1101	1560
1102	3468
1102	2439
1102	1241
1102	2062
1102	2448
1103	3497
1103	1610
1103	3223
1104	2061
1104	1201
1104	1363
1104	2929
1105	2865
1105	1175
1106	2503
1106	2556
1106	3140
1107	1763
1107	2608
1107	3132
1107	3556
1107	3613
1107	2445
1108	1121
1108	2294
1108	2208
1109	1854
1109	3436
1109	2330
1109	2942
1109	3574
1110	2128
1110	1753
1111	3395
1111	1740
1111	3595
1111	2050
1112	1561
1113	2464
1113	1986
1113	2985
1114	2728
1114	1662
1115	1771
1115	2071
1116	2851
1116	1254
1116	1266
1116	1204
1117	2540
1117	2057
1117	1144
1117	1662
1118	1186
1119	1992
1119	2091
1119	2196
1119	3302
1119	3171
1120	2942
1120	3574
1120	2144
1120	2896
1121	2885
1121	2341
1121	2294
1122	1999
1123	2879
1123	2599
1123	1275
1123	1209
1124	2364
1124	1889
1124	2457
1124	2552
1124	2410
1124	3166
1125	3311
1125	1525
1125	1150
1125	1132
1125	3415
1126	3175
1126	2450
1126	2913
1127	1683
1127	1962
1127	1472
1127	1511
1127	1796
1128	1563
1128	3303
1128	3279
1128	3269
1129	2455
1129	3563
1130	2131
1131	2449
1131	2444
1131	2499
1131	1327
1132	3311
1132	2403
1132	1257
1133	3257
1133	3204
1133	3246
1133	3120
1134	3422
1134	1345
1134	1659
1135	1579
1135	1882
1135	2591
1136	1607
1136	2012
1136	1834
1137	1927
1137	2160
1138	2764
1138	3603
1138	3396
1138	2928
1139	2181
1139	1333
1139	3156
1139	2753
1140	2782
1140	2239
1140	3315
1140	3262
1141	1620
1141	1601
1141	2473
1141	3263
1142	3352
1142	1390
1142	2794
1143	3456
1143	1658
1143	3131
1143	2060
1144	1781
1144	2536
1144	2540
1144	1966
1145	1823
1145	2632
1145	3501
1145	3143
1146	1862
1146	3254
1146	3026
1146	2730
1147	1762
1147	1483
1147	3586
1147	1732
1148	1555
1148	1448
1148	1793
1149	2908
1149	1371
1149	2941
1149	1197
1149	1485
1149	3028
1150	3244
1150	3311
1150	1525
1150	1281
1151	3479
1151	2500
1152	1479
1152	1851
1153	2743
1153	3038
1153	1238
1153	3362
1153	3540
1154	2802
1154	3358
1154	2555
1155	1479
1155	2167
1155	1851
1155	1254
1156	1615
1156	1199
1156	3087
1157	1271
1157	3088
1157	2054
1157	2800
1158	1261
1158	1730
1159	3488
1159	1805
1159	1394
1159	2952
1159	2268
1160	2213
1160	2894
1160	1856
1160	3500
1161	1562
1161	2011
1161	1206
1162	2200
1162	1258
1162	2715
1162	1293
1162	1626
1162	2640
1163	3186
1163	1922
1163	1685
1163	3149
1163	1322
1164	1951
1164	1437
1164	1590
1164	2626
1165	1252
1165	2995
1165	2547
1166	2349
1166	3370
1166	1779
1166	1947
1166	1602
1166	1542
1167	1913
1167	3122
1167	2415
1167	3040
1167	2827
1168	1862
1168	3076
1168	2730
1169	2389
1169	2183
1169	1715
1169	2534
1169	2416
1170	3302
1170	2676
1170	1735
1170	1853
1170	1501
1171	1958
1171	1606
1171	2072
1171	3393
1171	2343
1172	1887
1172	1581
1172	1320
1173	2673
1173	2170
1173	1487
1173	2363
1173	1436
1174	2014
1174	1608
1174	2102
1174	2551
1174	2197
1174	2916
1175	1492
1175	2865
1175	2213
1175	3472
1176	1191
1176	3221
1176	1973
1176	3384
1177	1881
1177	1433
1177	1487
1177	1774
1177	1436
1178	1531
1178	3451
1178	1970
1179	1990
1179	3119
1179	3000
1179	2670
1180	3588
1181	1278
1181	3310
1181	3455
1181	2173
1182	3542
1182	2740
1182	3175
1183	1353
1183	2061
1183	3414
1183	2548
1184	1804
1184	3406
1184	1753
1185	2947
1187	2301
1187	1276
1187	2616
1187	1318
1187	2944
1187	1911
1188	3121
1188	1467
1188	1914
1189	3170
1189	2428
1189	2230
1190	1265
1190	1465
1190	3594
1190	2209
1190	3402
1191	2734
1191	1430
1191	1973
1192	2469
1192	3295
1192	2529
1193	3014
1193	2094
1193	1817
1193	3073
1194	1993
1194	1605
1194	3297
1194	2485
1195	2874
1195	1276
1195	2320
1195	1911
1196	2701
1196	2015
1196	3374
1197	2908
1197	2476
1197	1485
1197	3228
1197	2537
1198	1984
1199	2832
1199	3087
1199	2570
1200	3215
1200	2761
1200	2843
1200	3428
1200	2752
1200	2370
1201	3473
1201	1363
1201	3409
1202	1935
1202	1728
1202	2467
1202	2572
1203	3622
1203	1862
1203	3537
1203	3076
1203	3026
1204	1254
1204	1535
1204	1689
1205	1452
1205	2419
1205	1665
1206	1562
1206	1696
1207	1489
1207	2486
1207	1869
1208	3035
1208	3392
1208	2867
1209	1449
1209	2920
1209	3554
1210	3327
1210	3411
1210	2602
1210	3025
1211	3078
1211	2501
1211	2219
1211	1927
1212	2605
1212	3137
1212	2026
1212	3615
1213	3527
1213	3294
1213	3627
1213	1492
1213	2865
1213	2150
1214	2567
1214	3633
1214	3504
1214	3618
1215	3388
1215	1267
1215	2817
1215	1744
1215	1847
1216	1360
1216	1250
1216	2658
1217	3234
1217	3393
1217	1830
1217	2343
1218	1606
1218	1493
1218	1656
1218	1830
1218	2343
1219	1736
1219	3477
1219	3045
1219	2633
1220	3365
1220	3522
1220	2258
1221	2760
1221	2594
1221	1547
1221	2380
1221	2078
1222	1409
1222	1770
1222	3346
1223	2182
1223	2449
1223	1368
1223	3493
1224	2318
1225	2972
1225	1638
1226	2786
1226	1584
1226	1304
1226	2855
1226	3301
1226	3236
1227	1709
1227	2573
1227	1727
1227	2574
1228	1908
1228	3159
1228	3149
1228	2660
1228	2990
1229	1331
1229	1751
1229	1766
1229	3126
1230	2684
1230	2604
1230	1540
1230	1704
1230	2257
1230	1895
1231	2115
1231	3271
1231	2376
1231	3494
1232	1386
1232	3485
1232	3378
1232	1478
1232	3259
1233	3194
1233	2178
1234	1714
1234	3134
1234	3532
1234	1815
1235	1391
1235	1634
1235	2568
1235	2408
1235	2050
1236	3138
1236	1500
1236	2150
1236	2133
1237	1846
1237	3515
1237	1756
1237	3548
1237	2228
1237	1906
1238	2743
1238	3362
1239	1293
1239	1486
1239	2640
1239	2858
1240	2397
1240	3316
1240	3385
1241	3468
1241	3587
1241	1465
1241	3402
1241	2062
1242	2100
1242	1797
1242	3460
1242	2135
1243	1678
1243	3597
1243	1469
1243	2679
1244	3448
1244	3114
1244	3067
1244	1625
1244	2619
1245	2894
1245	1856
1245	1938
1245	3420
1246	1969
1246	3598
1246	2646
1246	2419
1247	2244
1247	1971
1247	2028
1247	3412
1248	2106
1248	1992
1248	2438
1248	3171
1249	3094
1249	1969
1249	3598
1250	1559
1250	1994
1250	1661
1250	2658
1251	3383
1251	1572
1251	1585
1252	3234
1252	1830
1253	2104
1253	2555
1254	1851
1254	1535
1255	3248
1255	2616
1255	2112
1256	1920
1256	1546
1256	1847
1256	2581
1256	2796
1256	3450
1257	2288
1257	1630
1257	1291
1258	2200
1258	1816
1258	2352
1258	3218
1258	1293
1259	3071
1259	1980
1259	3421
1260	1477
1260	3326
1260	2829
1260	2923
1260	1752
1261	2984
1261	1820
1261	1988
1262	2940
1262	1711
1262	1668
1262	3257
1263	2488
1263	3532
1263	2970
1264	2915
1264	2794
1265	3594
1265	2847
1265	2209
1265	2982
1266	2851
1266	2158
1266	3245
1267	2817
1267	3021
1267	1920
1267	1847
1268	2459
1269	1311
1269	3578
1269	1636
1269	2704
1270	2589
1270	2964
1270	3589
1270	3491
1270	3333
1271	2981
1271	3096
1272	3148
1272	1523
1272	2083
1272	2275
1273	1312
1273	1885
1273	2039
1274	2273
1274	3210
1274	2064
1275	2599
1275	1841
1276	2412
1276	2301
1276	1911
1277	2141
1277	2521
1277	1380
1278	3471
1278	2173
1279	1839
1279	2394
1280	2609
1280	3213
1280	2068
1281	1870
1281	1525
1281	2882
1282	2645
1282	2918
1282	1766
1282	2124
1282	2833
1283	2892
1283	3111
1283	2864
1283	3280
1283	2810
1283	1298
1284	3589
1284	2671
1284	1549
1285	2468
1285	2222
1285	2188
1285	3488
1285	1805
1286	2581
1286	3019
1286	2746
1286	1639
1287	3388
1287	2901
1287	3052
1287	2895
1287	1744
1287	2838
1288	1367
1288	1613
1288	1530
1288	1825
1288	2550
1288	3496
1289	3573
1289	3343
1289	3266
1290	2527
1290	2427
1290	3328
1290	2803
1291	2288
1291	1630
1291	3088
1291	2642
1292	2432
1292	3571
1292	1316
1293	3218
1293	2640
1294	1944
1294	2903
1294	1520
1295	2522
1295	2709
1295	1844
1295	2152
1295	1444
1296	3215
1296	2761
1297	2099
1298	2892
1298	2864
1298	1968
1299	2115
1299	3494
1299	1410
1299	3553
1300	2656
1300	2046
1300	2157
1300	2665
1301	3092
1301	2365
1301	1307
1301	3629
1301	2290
1302	2029
1302	1632
1302	2506
1302	1512
1302	3583
1303	3253
1303	2375
1303	1365
1303	1330
1303	2797
1304	3055
1304	1584
1304	2637
1304	3236
1305	1919
1305	2148
1305	1372
1306	2545
1306	1610
1306	2619
1306	2793
1306	3223
1307	2365
1307	3090
1307	3552
1307	3434
1307	2290
1308	1983
1308	2938
1308	2685
1308	2424
1308	3458
1309	2118
1309	2815
1309	1828
1309	2155
1309	2951
1310	3231
1310	2265
1310	2707
1310	2458
1311	2959
1311	2937
1311	1636
1311	1361
1312	2277
1312	1848
1312	1885
1313	2261
1313	1349
1313	1628
1313	1921
1314	1421
1314	2479
1314	1571
1314	1853
1314	1718
1315	3546
1315	3521
1315	3083
1315	2400
1315	3304
1316	1747
1316	2432
1316	3571
1316	2513
1317	3080
1317	3262
1317	2119
1317	2267
1318	2616
1318	2112
1318	2944
1318	1376
1319	2507
1320	1887
1320	1581
1320	1923
1320	2607
1320	1654
1321	2284
1321	2216
1321	1780
1322	1685
1322	3149
1322	3000
1323	1531
1323	1750
1323	3143
1323	2559
1324	1818
1324	2197
1324	2916
1324	1354
1324	3172
1324	1541
1325	1557
1325	2543
1326	2487
1326	3543
1326	2023
1326	3170
1326	2428
1326	3559
1327	2499
1327	1989
1327	1405
1328	3237
1328	1974
1328	1550
1328	3072
1328	1679
1328	2482
1329	2025
1329	1371
1329	1485
1329	3230
1330	2258
1330	2797
1330	1755
1331	1751
1331	1411
1331	3126
1332	1565
1332	2985
1332	3189
1332	1840
1332	3616
1333	2887
1333	2753
1333	3146
1334	3497
1334	3124
1334	2793
1334	3223
1334	3325
1334	1775
1335	3352
1335	1700
1336	1934
1336	1544
1336	1691
1336	2997
1336	2994
1337	3414
1337	3485
1337	3144
1337	3259
1338	1919
1338	2169
1339	1402
1339	1971
1339	3296
1339	2028
1339	1575
1340	2032
1340	3608
1340	1377
1340	2312
1340	3416
1340	1424
1341	1866
1341	2996
1341	1987
1341	2287
1341	3059
1342	3145
1342	1742
1342	3241
1342	3449
1342	2687
1343	3237
1343	2433
1343	2482
1343	3536
1343	2868
1343	2225
1345	3422
1345	2022
1345	1946
1345	3037
1346	1553
1346	3125
1346	2006
1346	2739
1346	1930
1346	2350
1347	2881
1347	2520
1347	1409
1347	2085
1347	3123
1348	1401
1348	3029
1348	2316
1348	2652
1348	3013
1349	1464
1349	1400
1349	1628
1350	2951
1350	3624
1350	3449
1351	3058
1351	1395
1351	1721
1351	3336
1352	2981
1353	3338
1353	1386
1353	3414
1353	3485
1354	1818
1354	2197
1354	1439
1355	3215
1355	3625
1355	2370
1355	3291
1356	2604
1356	2257
1356	2842
1356	1910
1356	1824
1358	3024
1358	1708
1358	2816
1358	2699
1358	2878
1359	1366
1359	3591
1359	3250
1359	3015
1360	2386
1361	2959
1361	1636
1362	1401
1362	3013
1362	2773
1362	1493
1362	1656
1362	2101
1363	3336
1363	2061
1364	2130
1364	2688
1364	1669
1364	1506
1364	2203
1365	2375
1365	1761
1365	2470
1365	2797
1365	3474
1366	1896
1366	3279
1366	3591
1367	1613
1367	2957
1367	2550
1368	2649
1368	2182
1369	2514
1369	3307
1369	2391
1369	1587
1370	2452
1370	1865
1370	2207
1370	1731
1370	3446
1371	2941
1371	1485
1371	2680
1372	1919
1372	1978
1372	3490
1372	2148
1373	1445
1373	3062
1373	3312
1373	3410
1373	2977
1374	2936
1374	1859
1374	2869
1374	1652
1374	3099
1375	2142
1375	1408
1375	2098
1375	2393
1375	1955
1376	2944
1376	1554
1376	1678
1377	2032
1377	1666
1377	3416
1378	1799
1378	2171
1378	2469
1378	2097
1379	2372
1379	1527
1379	3077
1379	2713
1380	2521
1380	2627
1381	2723
1381	2118
1381	3097
1381	1522
1382	3439
1382	3526
1382	3046
1382	2828
1383	3529
1383	2808
1384	2891
1384	2653
1384	2180
1384	3199
1384	3341
1385	2750
1385	3249
1385	3620
1385	2940
1385	1711
1386	3338
1386	3485
1387	2459
1387	2990
1387	1514
1387	2946
1388	1503
1388	1461
1388	2720
1388	2387
1389	3422
1389	2736
1389	1680
1390	1832
1391	2804
1391	2568
1391	2050
1392	2623
1392	2786
1392	2855
1392	3576
1392	2594
1393	3057
1393	2027
1393	2217
1394	3611
1394	2383
1394	2268
1394	2754
1395	3058
1395	1565
1395	1721
1396	2073
1396	1991
1397	2601
1397	2092
1398	3196
1398	1527
1398	2713
1399	2208
1399	1482
1399	2357
1400	2834
1401	2652
1401	3013
1401	1493
1401	2547
1402	1403
1402	2733
1402	1971
1403	3580
1403	2714
1403	2733
1404	2035
1404	2231
1404	1582
1404	1664
1405	2141
1405	1989
1406	1480
1406	2299
1406	3369
1406	1758
1407	3174
1407	3290
1407	3155
1408	3390
1408	2142
1408	2072
1409	2881
1409	3210
1409	1770
1410	1991
1410	3095
1410	3553
1410	3323
1411	2283
1411	3323
1411	1458
1412	2570
1412	2893
1412	3570
1412	2121
1413	2662
1413	2168
1413	2947
1413	2123
1413	2113
1414	2896
1414	1613
1415	2976
1415	1904
1415	1424
1415	1959
1415	3085
1416	2356
1416	1462
1416	3413
1417	3267
1417	3130
1417	2285
1417	3121
1418	3357
1418	2639
1418	1816
1418	2630
1418	2146
1419	1432
1419	3498
1420	2209
1420	2982
1420	3427
1420	2818
1420	3332
1421	2552
1421	2196
1421	2410
1421	2479
1422	2202
1422	3419
1422	1849
1422	2404
1423	3150
1423	3443
1423	3163
1424	2976
1424	3608
1424	2312
1424	1904
1425	1819
1425	2518
1425	2434
1425	2173
1426	3385
1426	1664
1426	2983
1426	1597
1426	2950
1427	2760
1427	2445
1427	3074
1427	2078
1429	2435
1429	3073
1429	2571
1429	2462
1429	2480
1430	1615
1430	2734
1431	2511
1431	3205
1431	1880
1431	3447
1432	3566
1433	1881
1433	2744
1434	1464
1435	1564
1435	3075
1435	1454
1435	1462
1435	1713
1436	1487
1436	1774
1436	2363
1437	2689
1437	2497
1437	1951
1437	1590
1437	1982
1438	3091
1438	3406
1439	1818
1439	3486
1439	2422
1439	3445
1440	2084
1440	2562
1440	2044
1441	3265
1441	3625
1441	3291
1441	2674
1441	2609
1442	1857
1442	3031
1443	3465
1443	2466
1443	3324
1443	2447
1444	2522
1444	3525
1444	1784
1444	2709
1444	3545
1445	1939
1445	3062
1446	3173
1446	2708
1447	2595
1447	3474
1447	2005
1447	3102
1447	2842
1448	1661
1448	1793
1449	1488
1449	3164
1449	2175
1449	3554
1450	1526
1450	3347
1450	1808
1450	1918
1451	2903
1451	2563
1451	3356
1452	2314
1452	3042
1453	1508
1453	1524
1454	1564
1454	2991
1454	2986
1454	1801
1454	1713
1455	2177
1455	2245
1455	2224
1455	1507
1456	2242
1456	2476
1456	1953
1456	2378
1457	3482
1457	3100
1457	2374
1457	2412
1457	2301
1458	3232
1458	2283
1458	3553
1458	3323
1459	2500
1459	3299
1459	3307
1460	3558
1460	3394
1461	2765
1461	1838
1461	2890
1462	3413
1462	1713
1463	2494
1463	1754
1463	1545
1463	2305
1464	2614
1464	1628
1465	3587
1465	3402
1466	3466
1466	2465
1466	1761
1466	2013
1466	2595
1467	2285
1467	3121
1467	3231
1467	1618
1468	1620
1468	1601
1468	2048
1468	1644
1469	1678
1469	3597
1470	3566
1470	2606
1471	3624
1471	3140
1471	2527
1472	1962
1472	3329
1472	1511
1472	2103
1472	2535
1473	3106
1473	2277
1473	2880
1473	3109
1473	1848
1474	3460
1474	2002
1474	2051
1474	3285
1474	2509
1475	3104
1475	1979
1475	2704
1475	3128
1475	1706
1476	2058
1477	2813
1477	3040
1477	3326
1477	1752
1478	3378
1478	3259
1478	3027
1478	1738
1479	1851
1480	1758
1480	3176
1480	3136
1481	2134
1481	3614
1481	3367
1481	3256
1482	2742
1482	2880
1482	2357
1483	1762
1483	1870
1483	3586
1484	1933
1484	2327
1484	3017
1484	3188
1484	1645
1485	3230
1485	2537
1486	2179
1486	1871
1486	2858
1487	1881
1487	2170
1487	3247
1488	2175
1488	2872
1488	2095
1489	3141
1490	1777
1490	2049
1490	2056
1490	2304
1491	3361
1491	2105
1491	2963
1491	3320
1491	2097
1492	3527
1492	2865
1492	2213
1493	1656
1493	2547
1494	1611
1494	1626
1494	2640
1494	2858
1495	2586
1495	2853
1495	3555
1495	3345
1496	3507
1496	2931
1496	2668
1496	2680
1497	1638
1497	3630
1497	2939
1497	2323
1498	3478
1498	3193
1498	2531
1498	2592
1499	2076
1499	3597
1499	3435
1499	2623
1500	3138
1500	3086
1501	1735
1501	1853
1501	2665
1502	3221
1502	1538
1502	2423
1502	2307
1502	1864
1503	2792
1503	3510
1503	2787
1503	2720
1504	3113
1504	2861
1504	2651
1505	2566
1505	2366
1505	3235
1505	3487
1505	3272
1506	1724
1506	2688
1506	2203
1506	2777
1507	2825
1507	3295
1507	2224
1507	2490
1508	3053
1509	1876
1509	2340
1509	2841
1509	2523
1509	2995
1510	2539
1510	1532
1510	2406
1510	3041
1510	2870
1511	1683
1511	3329
1511	2840
1511	2385
1512	3583
1512	2934
1512	3523
1513	1657
1513	3438
1513	3505
1513	2686
1513	2276
1514	3317
1514	2646
1514	2660
1514	2990
1515	3053
1515	3105
1515	3355
1515	3054
1516	2350
1516	2471
1516	1690
1516	1795
1516	2516
1517	3401
1517	3430
1517	2345
1517	3178
1517	2264
1518	1874
1518	1633
1518	2912
1518	1799
1519	2849
1519	1972
1519	2437
1519	3478
1519	3193
1519	1560
1520	1944
1520	2553
1521	2218
1521	2533
1521	2407
1522	2118
1522	3360
1522	1828
1523	2823
1523	3194
1523	3334
1523	2275
1524	1845
1524	2303
1525	1916
1525	3415
1526	2484
1526	1808
1527	2399
1527	2713
1528	2399
1528	2808
1529	2949
1529	2074
1529	3563
1530	2771
1530	1825
1530	2508
1530	3496
1531	2559
1531	1970
1532	2539
1532	2031
1532	3041
1533	3617
1533	3463
1533	2932
1533	2240
1534	1567
1534	2911
1534	3593
1534	3001
1535	1851
1535	1689
1536	2411
1536	2330
1536	2309
1536	1580
1536	2942
1537	2781
1537	2136
1537	2731
1537	3278
1538	2822
1538	2423
1538	1864
1538	2672
1539	3152
1539	1903
1540	2161
1540	2257
1540	1895
1541	1818
1541	3172
1541	2121
1542	1779
1542	1602
1542	3582
1542	3243
1542	3333
1543	2624
1543	2134
1543	3614
1543	2286
1544	2693
1544	1691
1544	2994
1544	3233
1545	1754
1545	2305
1545	2317
1545	2988
1546	1843
1546	1920
1546	2796
1547	3576
1547	2594
1547	2380
1547	3212
1548	2732
1548	2513
1548	2132
1548	2590
1548	3274
1549	2220
1549	3229
1549	2315
1550	1679
1550	2482
1550	2984
1551	3135
1551	1768
1551	2798
1551	2263
1551	1935
1552	1680
1552	1698
1552	2422
1552	2884
1553	3125
1553	2006
1554	2944
1554	1631
1554	1678
1554	2679
1555	2766
1556	3512
1556	2349
1556	2279
1556	1947
1557	3370
1557	2698
1557	2079
1558	3429
1558	3503
1558	1809
1559	1994
1559	3289
1559	2658
1560	1972
1560	3478
1560	3225
1561	3030
1562	3313
1562	1696
1563	1821
1563	1896
1563	3279
1564	1855
1564	2362
1564	3075
1564	1801
1565	2985
1565	1721
1565	1840
1566	3634
1566	2293
1566	3399
1566	2484
1567	2418
1567	2769
1567	2859
1568	2525
1568	2636
1568	2207
1568	3446
1569	3601
1569	1726
1569	2198
1569	2383
1569	2579
1570	2229
1570	2691
1570	3245
1571	2479
1571	3368
1571	1718
1572	1585
1572	2206
1573	1756
1573	2406
1573	3548
1573	2847
1573	2862
1573	2870
1574	2578
1574	2322
1574	1942
1574	2355
1575	3296
1575	2065
1576	2758
1576	2205
1576	3157
1576	3185
1576	2264
1577	1917
1577	3285
1577	3612
1577	3578
1577	1875
1577	1979
1578	3031
1578	1600
1578	2156
1579	3537
1579	1882
1580	2751
1580	2411
1580	2775
1581	2607
1581	3605
1581	2384
1582	2035
1582	2994
1582	2243
1583	2021
1583	2681
1583	2246
1583	3050
1583	2546
1583	2631
1584	3055
1584	2786
1585	2505
1586	3286
1586	1765
1586	2048
1587	2391
1587	3298
1588	1703
1588	3296
1588	2138
1588	2065
1589	1722
1589	3555
1589	3345
1589	2949
1589	2455
1590	1982
1590	3153
1590	2914
1591	3277
1591	3312
1591	2618
1592	2165
1592	3273
1592	1886
1592	2344
1592	1614
1593	2178
1593	3222
1593	1922
1593	1802
1594	2748
1594	2210
1594	2331
1594	3549
1595	2075
1595	1894
1596	2532
1596	2369
1597	3385
1597	1877
1597	2983
1597	3200
1598	2799
1598	2426
1598	1940
1598	3049
1599	1885
1599	2357
1600	2625
1601	1620
1601	2048
1601	3263
1602	3370
1602	2698
1602	3243
1602	3275
1603	3153
1603	2342
1603	2871
1603	2461
1603	2914
1604	2400
1604	2114
1604	3227
1604	1836
1605	2430
1605	3183
1605	2485
1606	2772
1606	2072
1606	1656
1606	2343
1607	2864
1607	2012
1607	1807
1607	1968
1607	1834
1608	2014
1608	2729
1608	2102
1609	2396
1609	2673
1610	2089
1610	3223
1611	2319
1611	3363
1611	2858
1612	3579
1612	2773
1612	1616
1612	2101
1612	2037
1613	1825
1614	2018
1614	3264
1614	1886
1615	2734
1615	2286
1616	3579
1616	2637
1616	3236
1616	1931
1617	3401
1617	2176
1617	2345
1617	2958
1617	1637
1617	2798
1618	1627
1618	2285
1618	3231
1619	3170
1619	1747
1619	2732
1619	3559
1620	2036
1621	1694
1621	2279
1621	1867
1622	1936
1622	3465
1622	3572
1622	1876
1622	2841
1622	2447
1623	2114
1623	3227
1623	3535
1624	2512
1624	2818
1624	3444
1625	3448
1625	3630
1625	2619
1626	2715
1626	3431
1626	2640
1627	3078
1627	1927
1627	2285
1628	2614
1629	2493
1629	2108
1629	2806
1629	2345
1629	2958
1631	2320
1631	2944
1631	1911
1631	3112
1632	2544
1632	2029
1632	3251
1632	2961
1632	3583
1633	3615
1633	3010
1633	2910
1633	2912
1634	2863
1634	1923
1634	3342
1634	2568
1634	2408
1635	3479
1635	2195
1635	1642
1635	1759
1635	3004
1636	3612
1636	3578
1637	2186
1637	2151
1637	2176
1637	2958
1638	2972
1638	2848
1639	2895
1639	1744
1639	2746
1640	2528
1640	3456
1641	2883
1641	1779
1641	3582
1642	2195
1642	3004
1642	1757
1643	2199
1643	2706
1643	1791
1643	2654
1643	2778
1644	2246
1644	3286
1644	2048
1644	2631
1645	3017
1645	3590
1645	2146
1646	1897
1646	2927
1646	2844
1647	1698
1647	2884
1647	2795
1647	2856
1647	3300
1648	2559
1648	2663
1648	3287
1649	3357
1649	2600
1649	2639
1649	2965
1650	2147
1650	2088
1650	2657
1650	2532
1651	1841
1652	3099
1652	1857
1653	2000
1653	1861
1653	3306
1653	2339
1653	3557
1654	1923
1654	2607
1654	3342
1655	2825
1655	2529
1655	2703
1656	2772
1656	2101
1657	3505
1657	1826
1658	3012
1658	3131
1658	2060
1659	2478
1660	2702
1660	2018
1660	2453
1660	1723
1661	1994
1662	2540
1662	2728
1663	1897
1663	2183
1663	2844
1664	2231
1664	2950
1665	3317
1665	2419
1665	3267
1666	2933
1666	3416
1666	3276
1667	3111
1667	3377
1667	3373
1667	3404
1667	3280
1667	3103
1668	2617
1668	2073
1668	2940
1669	2130
1669	3438
1670	3491
1670	3243
1670	2315
1670	1675
1670	3275
1670	3547
1671	3199
1671	2675
1671	2442
1671	3391
1672	2375
1672	3190
1672	2470
1673	2453
1673	2281
1673	2497
1673	1982
1673	2201
1674	2000
1674	2588
1674	2356
1675	2220
1675	2315
1675	3547
1675	3242
1676	3297
1676	2485
1676	1893
1676	2721
1677	2575
1677	2805
1677	2355
1677	3418
1677	2496
1678	2679
1679	3072
1679	2984
1680	3486
1680	2422
1681	1834
1681	2591
1682	3596
1682	2128
1682	3623
1683	2840
1683	1796
1684	3463
1684	3139
1684	2463
1685	3186
1685	1990
1685	2857
1685	3000
1686	2051
1686	2509
1686	3596
1687	2380
1687	3565
1687	3562
1687	3212
1687	2666
1688	2928
1688	3622
1688	3592
1688	2498
1688	3076
1689	3268
1690	1930
1690	2350
1690	2685
1690	2516
1691	1934
1691	2693
1692	3337
1692	3152
1692	1903
1692	2930
1693	3083
1693	3304
1693	3006
1693	1710
1694	3512
1694	3318
1694	2279
1694	1867
1695	2886
1695	3216
1695	3197
1696	3313
1697	2826
1697	3240
1697	2682
1697	2378
1697	2020
1697	2526
1698	2422
1698	3445
1698	2884
1699	1821
1699	1896
1699	2060
1700	2562
1700	2253
1701	3002
1701	3379
1701	2351
1701	2549
1701	2560
1702	2615
1703	2877
1703	3296
1703	2028
1704	2684
1704	2465
1704	2604
1704	3162
1704	3534
1705	2193
1705	2046
1705	2888
1705	3331
1706	2704
1706	3128
1706	2409
1707	2889
1707	1835
1708	2816
1708	2699
1708	2147
1708	2580
1708	2657
1709	2795
1709	2573
1709	2856
1709	3521
1709	1727
1710	3083
1710	2563
1710	3356
1711	3249
1711	2940
1711	3248
1711	3257
1712	2324
1712	3343
1712	3266
1713	2991
1713	2556
1714	2638
1714	3134
1714	3532
1715	2389
1715	3182
1715	2336
1716	2206
1716	2882
1716	2064
1717	2358
1717	3308
1717	3104
1717	2504
1718	1853
1719	2360
1719	2361
1719	2249
1719	2163
1720	3101
1720	2092
1720	3169
1720	1977
1721	1840
1721	3336
1722	3063
1722	3555
1722	2455
1723	2453
1723	2784
1723	2972
1724	1760
1724	1954
1724	2688
1724	2777
1725	3254
1725	1849
1725	3303
1725	3269
1726	3601
1726	2770
1726	2166
1726	1898
1727	3521
1727	3304
1727	2574
1728	2839
1728	1935
1728	1791
1728	2467
1729	2034
1729	3398
1729	2857
1730	3163
1730	2392
1731	2530
1731	1865
1731	1829
1731	3533
1731	3446
1732	1762
1733	2271
1733	2779
1733	2678
1733	3364
1733	3421
1734	3353
1734	2248
1734	3314
1735	1788
1735	2676
1735	2157
1735	2665
1736	2414
1736	3477
1737	2265
1737	2738
1737	2803
1737	3161
1738	3144
1738	3259
1738	3027
1738	3544
1738	1789
1739	2139
1739	2749
1739	3320
1739	3464
1739	2245
1740	1941
1740	3187
1740	3595
1741	2065
1741	2766
1741	2585
1741	1963
1742	3624
1742	3449
1742	2503
1742	3140
1742	2687
1743	3238
1743	2845
1743	2561
1744	3388
1744	2895
1745	3105
1745	2597
1745	3355
1746	2729
1746	1894
1746	3514
1746	2017
1747	3559
1747	3571
1748	3348
1748	2824
1748	2628
1749	2812
1749	1850
1749	3228
1749	2537
1750	3501
1750	3143
1750	2559
1750	2663
1750	3459
1752	2813
1752	2166
1752	2647
1752	2923
1753	2128
1754	2494
1754	3605
1754	2317
1755	2797
1755	1880
1756	3548
1756	2847
1756	2228
1757	3004
1757	2510
1758	3136
1758	2722
1758	3290
1759	2655
1759	3004
1760	1929
1760	1954
1761	3466
1761	2470
1761	2595
1761	3474
1763	2076
1763	1956
1763	2608
1763	3435
1763	3556
1764	3281
1764	2565
1764	3008
1764	2696
1765	2684
1765	3016
1765	1895
1766	2918
1766	3126
1767	1910
1767	1824
1767	2367
1767	2326
1767	2821
1768	1946
1768	3037
1768	3135
1768	2176
1768	2798
1769	2974
1769	2483
1769	3405
1769	2043
1769	2398
1770	3244
1770	3210
1771	2071
1771	2082
1772	3014
1772	2052
1772	2435
1772	3411
1772	3073
1773	3499
1773	3442
1773	2446
1773	3339
1774	1924
1774	2850
1775	2793
1775	2919
1775	1997
1775	3325
1775	2787
1776	2580
1776	2626
1776	2657
1776	2010
1776	2532
1777	2502
1777	2785
1777	2056
1777	2304
1778	3394
1778	2239
1778	2832
1779	2349
1779	3582
1780	2063
1780	2216
1781	2536
1781	3619
1781	3564
1782	2647
1782	2923
1782	3219
1782	2332
1782	2009
1783	2837
1783	3617
1783	2472
1783	3354
1784	3525
1784	2700
1784	2785
1784	3545
1784	2262
1785	2071
1785	3251
1786	2085
1786	3123
1786	2755
1787	3410
1787	1915
1787	2335
1788	2438
1788	2735
1788	2676
1788	2157
1789	3027
1789	3544
1790	2846
1790	3207
1790	3003
1791	2839
1791	2706
1791	2467
1792	2306
1792	3329
1792	2385
1792	2588
1793	1806
1794	3330
1794	2830
1794	3620
1795	2471
1795	2381
1795	2516
1795	2392
1796	1948
1796	2625
1797	2135
1797	1917
1797	2368
1798	2868
1798	3423
1798	2346
1799	2912
1799	2105
1799	2097
1800	1997
1800	2720
1800	2194
1800	2425
1800	2953
1800	2387
1801	2362
1801	2986
1802	1922
1802	3609
1803	1881
1803	3247
1804	2608
1804	3632
1804	3132
1804	3406
1805	3488
1805	2952
1806	2297
1806	3191
1807	3470
1807	1968
1807	1834
1807	1882
1807	2591
1808	1918
1808	3103
1809	3150
1809	3503
1809	2471
1810	2511
1810	2256
1810	3447
1810	1833
1810	2576
1811	3120
1811	3226
1811	2809
1812	3436
1812	2587
1812	2770
1812	2401
1813	2035
1813	2231
1813	3428
1813	3508
1814	1856
1814	3151
1814	3500
1815	3035
1815	2686
1815	2276
1816	2200
1816	2639
1816	2352
1816	2630
1817	2094
1817	2739
1817	1983
1817	2938
1818	3486
1819	3466
1819	2013
1819	2434
1820	2984
1820	1988
1820	2712
1820	2049
1821	1896
1822	3260
1822	1961
1822	3348
1822	3353
1822	2248
1823	3160
1823	2632
1823	2096
1823	3501
1824	3102
1824	2842
1824	1910
1825	2771
1826	2252
1826	3213
1827	3282
1828	2118
1828	3145
1828	2951
1829	2530
1829	3533
1829	2945
1829	2817
1829	3021
1830	3234
1830	2343
1831	2784
1831	2848
1831	3439
1831	3046
1832	3509
1832	3216
1833	3252
1833	2576
1833	3209
1834	2591
1835	2269
1835	2733
1836	2110
1836	3227
1836	1944
1836	2553
1837	2579
1838	2765
1838	1934
1838	2997
1838	2890
1839	2767
1839	2448
1839	2838
1840	3616
1840	3473
1841	2807
1842	2425
1842	2359
1842	2247
1843	2716
1843	2874
1843	1920
1844	3173
1844	3051
1844	2152
1845	2024
1845	3524
1845	2303
1846	3604
1846	3515
1846	3548
1847	1920
1847	2581
1848	3106
1848	2277
1849	3254
1849	3419
1850	2769
1850	2390
1852	2102
1852	2551
1852	2695
1854	2373
1854	2641
1854	3436
1854	2330
1855	3044
1855	2162
1855	2362
1855	3075
1856	2894
1856	3500
1857	3045
1858	3288
1858	3453
1858	2143
1859	2869
1859	2549
1859	2560
1860	2830
1860	3344
1861	3306
1861	2496
1861	3557
1861	3581
1862	3076
1862	3026
1862	2730
1863	3222
1863	3398
1864	2493
1864	2672
1865	2452
1865	3433
1865	3533
1866	3607
1866	2442
1866	2996
1866	1987
1867	3318
1868	3631
1868	2278
1868	2191
1868	2877
1868	2174
1869	2486
1869	2004
1870	2882
1870	3586
1871	2179
1871	2683
1871	2966
1871	2747
1872	3183
1872	2093
1872	1912
1872	3293
1873	3002
1873	2843
1873	2351
1873	3508
1875	1917
1875	2368
1875	1979
1876	2841
1876	2447
1876	2995
1877	3385
1877	3200
1877	2310
1878	2820
1878	3340
1878	2295
1879	2584
1879	1954
1879	2688
1879	3626
1880	2511
1881	3247
1882	3470
1882	2591
1883	2137
1883	3390
1883	2396
1883	2300
1883	2170
1884	2299
1884	3209
1884	2367
1884	3369
1885	2277
1886	2344
1887	2863
1887	1923
1888	1939
1888	3277
1888	2241
1889	2462
1889	2364
1889	2480
1889	1964
1889	2457
1890	2981
1890	3008
1890	3096
1890	3489
1891	2177
1891	3464
1892	2974
1892	2650
1892	3041
1892	2862
1892	2870
1893	2485
1893	2721
1893	3293
1893	1996
1894	2967
1894	2075
1895	2684
1895	3016
1895	2161
1896	3279
1897	2389
1897	2183
1897	2844
1898	2770
1898	2166
1898	2647
1898	3219
1898	2401
1899	1936
1899	1975
1899	2708
1899	2394
1899	3520
1900	3408
1900	3176
1900	3136
1900	3063
1901	3558
1901	2624
1902	3403
1902	2291
1902	2603
1902	3151
1903	3152
1904	2312
1904	2971
1904	1959
1906	1988
1906	3515
1906	2228
1906	2712
1906	2512
1907	2596
1907	2007
1907	2184
1908	3149
1908	2660
1908	3609
1909	2376
1910	2257
1910	2326
1911	2320
1911	2944
1912	3293
1912	3292
1912	3081
1913	2827
1913	2952
1915	2335
1915	3011
1915	2955
1916	3437
1916	3415
1916	3539
1917	3285
1917	2368
1918	3602
1918	2520
1919	3490
1921	2261
1921	2544
1921	2961
1922	3186
1923	2863
1923	3342
1924	2774
1924	2411
1924	2309
1924	2850
1925	3292
1925	2578
1925	3081
1925	2643
1926	2414
1926	3505
1926	3260
1926	2762
1926	1961
1927	3078
1928	3397
1928	2898
1928	2371
1929	2415
1929	3258
1930	2739
1930	2350
1930	1983
1930	2685
1931	3301
1931	3236
1931	2353
1931	2192
1932	2925
1933	3457
1933	2327
1933	3017
1934	2765
1934	2997
1935	3135
1936	1975
1936	3572
1936	2841
1937	2120
1937	2975
1937	3567
1937	2620
1938	2837
1938	2382
1938	3354
1938	3420
1939	3277
1940	2426
1940	2613
1941	2024
1942	2322
1942	2066
1942	2993
1943	2807
1943	2164
1943	2450
1944	2903
1944	2553
1945	3509
1945	2833
1945	3216
1945	3197
1945	3321
1946	2186
1946	2022
1946	3037
1946	2176
1947	2349
1947	3370
1948	3621
1948	2625
1949	2621
1949	3034
1949	2954
1949	2190
1950	2701
1950	2111
1950	2211
1950	3461
1950	3351
1951	2689
1951	3255
1952	3407
1952	3107
1952	3129
1953	2476
1953	2812
1953	3228
1953	2826
1953	2378
1954	2584
1954	2688
1955	2192
1955	2098
1955	2393
1955	2204
1956	2076
1956	2809
1956	2608
1956	3632
1957	2699
1957	3483
1957	2567
1957	2147
1957	3633
1957	2088
1958	2137
1958	3393
1958	2313
1959	2971
1959	3610
1960	2621
1960	2554
1960	3263
1960	2190
1961	2414
1961	3260
1961	3348
1962	2535
1963	1985
1963	2766
1963	2354
1964	2486
1964	2125
1964	2480
1964	2457
1965	2292
1965	3068
1965	3335
1965	2692
1965	2705
1966	2536
1966	3287
1966	2540
1966	2226
1967	2250
1967	3036
1967	3056
1968	2864
1968	3470
1969	3598
1969	3609
1970	3057
1970	2217
1971	2733
1971	2028
1972	2280
1972	2437
1973	3221
1973	2917
1973	3256
1974	3237
1974	3141
1974	3072
1975	3051
1975	3572
1975	2708
1976	3417
1976	3030
1976	2421
1977	2451
1977	2338
1978	2289
1978	3498
1978	2148
1979	3578
1979	2704
1980	2973
1980	2090
1981	2477
1981	3425
1981	2796
1981	3450
1982	2497
1982	2201
1982	3153
1983	2739
1983	2938
1983	2685
1984	2694
1985	2138
1985	2876
1985	2321
1985	2354
1986	3283
1986	2985
1987	2093
1987	2287
1988	3515
1988	2712
1989	2141
1989	3261
1989	2521
1990	2034
1990	2857
1990	3000
1991	3095
1992	2004
1992	2106
1992	3171
1993	3002
1993	3297
1995	2132
1995	2468
1995	3235
1995	2379
1996	2721
1996	3293
1996	2805
1997	3325
1997	2787
1997	2720
1997	2953
1998	2587
1998	3219
1998	2401
1998	2957
1998	2332
2000	2339
2000	2588
2001	2326
2001	2821
2001	3389
2001	3499
2002	3460
2002	2298
2002	2613
2002	2051
2003	2372
2003	3359
2003	3513
2003	2614
2004	2718
2004	2106
2005	3252
2005	2576
2005	3102
2006	2350
2007	2598
2007	2596
2007	2566
2007	3272
2008	2145
2008	2233
2008	2047
2009	2332
2009	3392
2009	2420
2010	2626
2010	2280
2010	2081
2011	3309
2011	3340
2012	3111
2012	2864
2012	3373
2013	3466
2013	2465
2013	3534
2014	3080
2014	2267
2014	2916
2015	2701
2015	3461
2015	3115
2015	2956
2016	2989
2016	3185
2016	2199
2016	2706
2016	3198
2017	2729
2017	2185
2017	3514
2018	2702
2018	3264
2019	2812
2019	2826
2019	3001
2019	2682
2020	2378
2020	2526
2021	3179
2021	2033
2021	2681
2021	3455
2021	2546
2022	3422
2022	2186
2023	2487
2023	2943
2023	3559
2024	2902
2024	3524
2026	2673
2026	2363
2026	2659
2028	3296
2029	2544
2029	2506
2030	3142
2030	3330
2030	3344
2030	2215
2031	3041
2032	3012
2032	3131
2032	3608
2033	3179
2033	2703
2033	3310
2033	3455
2034	2857
2035	2231
2036	2475
2036	2311
2036	2216
2037	2772
2037	2142
2037	2101
2037	2393
2038	2236
2038	3064
2038	2776
2040	3084
2040	2066
2040	3192
2040	2149
2040	2993
2041	2664
2041	2352
2041	2630
2042	2664
2042	3218
2043	2974
2043	2650
2043	2483
2044	2562
2044	2611
2044	3065
2045	2910
2045	2912
2045	3066
2045	3361
2045	2105
2046	2656
2046	2157
2046	2888
2047	2891
2047	3238
2047	2653
2048	3286
2049	2712
2049	2056
2049	3444
2050	3395
2050	2804
2051	2613
2051	2509
2052	3014
2052	3411
2053	2524
2053	2814
2053	2172
2054	3088
2054	3475
2054	2800
2054	3187
2055	3048
2055	2557
2056	3444
2057	3060
2057	2086
2057	3481
2058	2655
2058	3590
2059	3048
2059	2992
2059	3212
2059	2666
2061	2548
2061	2929
2062	3402
2062	3427
2063	2999
2063	2681
2063	2246
2064	2882
2065	3296
2066	2322
2066	3192
2066	2993
2067	3441
2067	3034
2067	2632
2067	2495
2069	2372
2069	3077
2069	3513
2070	2606
2071	2082
2072	2772
2072	2142
2073	2617
2074	3181
2074	3563
2074	3334
2075	2967
2075	2232
2076	3435
2077	2634
2077	2235
2077	2569
2077	3577
2078	2760
2078	3074
2078	2380
2078	3565
2079	2698
2079	2474
2079	2436
2079	3056
2080	3506
2080	2282
2080	3133
2081	2280
2081	2437
2081	2461
2081	2914
2083	3148
2083	2606
2084	3509
2085	3123
2085	2755
2086	2723
2086	2219
2086	3060
2086	3481
2087	2897
2088	2147
2088	3633
2089	2612
2089	3517
2089	3114
2090	2973
2090	2558
2091	2457
2091	2196
2091	2410
2092	2747
2092	2601
2092	3101
2093	3183
2093	2287
2094	3125
2094	2739
2095	2872
2095	2807
2095	2450
2096	3531
2096	3160
2096	3501
2096	3459
2097	2105
2097	2963
2098	2204
2099	2417
2100	2645
2100	2135
2101	2773
2101	2772
2102	2551
2103	2306
2103	3329
2103	2748
2103	2535
2104	3100
2104	2555
2104	2374
2105	2912
2105	3361
2106	2718
2106	3086
2107	3094
2107	3538
2108	3043
2108	2493
2108	2151
2108	2958
2109	3039
2109	2757
2110	3227
2110	3535
2110	2553
2110	2710
2111	2701
2111	2211
2111	3224
2111	2525
2112	2616
2112	3246
2113	2123
2114	2400
2114	3227
2115	2376
2115	3462
2115	3494
2116	3546
2116	3300
2116	2478
2117	3220
2117	3074
2117	3565
2117	2254
2117	2726
2118	3097
2118	2815
2119	3262
2119	2893
2119	2267
2119	3172
2119	2121
2120	3053
2120	3105
2121	2893
2121	3172
2122	3585
2122	3124
2123	2662
2123	3098
2124	2645
2124	2833
2124	3321
2124	2395
2125	2424
2125	2571
2125	2486
2125	2480
2126	3606
2126	3154
2126	2262
2126	2866
2126	3116
2127	3380
2127	3493
2128	3596
2129	3551
2129	3530
2130	3438
2130	2203
2130	2252
2131	2460
2132	2590
2132	3274
2133	2346
2133	2866
2133	3294
2133	2150
2134	3108
2134	2624
2134	3614
2135	2645
2135	2395
2136	2781
2136	2643
2136	3278
2137	3390
2137	2396
2137	2313
2138	2321
2139	2144
2139	2896
2139	2749
2139	3464
2140	2789
2140	3382
2140	3433
2140	2724
2140	3502
2140	2716
2141	2521
2142	2772
2142	2393
2143	2338
2144	2775
2144	2896
2144	2749
2145	3217
2145	2233
2146	3357
2146	3590
2147	2699
2147	2657
2148	2289
2149	3084
2149	3044
2150	3294
2150	2865
2151	3043
2151	2958
2152	2522
2152	3173
2152	2697
2153	3068
2153	3634
2153	3399
2153	2705
2153	3560
2154	2299
2155	2815
2155	3161
2156	2633
2156	3031
2156	2628
2157	2665
2158	2539
2158	3245
2159	2898
2160	3033
2161	3016
2162	3192
2162	3075
2163	2360
2163	3240
2163	2249
2163	3061
2164	2169
2165	3273
2165	3064
2165	2344
2166	2813
2166	3601
2166	2647
2168	2662
2168	2654
2168	2947
2170	2300
2170	3247
2171	2927
2171	2469
2172	2814
2172	3189
2172	2804
2173	2434
2174	2278
2174	2191
2174	2987
2174	2409
2175	3164
2175	2238
2175	3561
2175	2872
2176	2186
2176	2798
2177	3464
2177	2245
2178	3194
2178	2275
2178	3222
2179	2747
2179	3101
2180	2891
2180	3341
2180	2310
2181	3156
2181	2535
2182	2649
2182	3540
2183	2389
2183	2416
2184	2440
2184	2711
2185	3020
2185	3426
2185	3440
2185	3514
2187	3619
2187	2210
2187	2904
2188	3588
2188	2468
2188	2222
2189	2727
2189	2308
2189	2236
2189	2776
2190	2621
2190	2554
2190	3118
2190	2954
2191	2877
2191	3412
2192	2353
2192	2393
2193	2735
2194	2405
2194	3258
2194	2425
2194	2953
2195	3479
2195	2514
2196	2410
2196	3302
2197	2551
2197	2916
2198	3611
2198	2979
2198	2383
2198	2579
2199	2706
2199	3198
2199	2778
2200	2639
2200	2715
2200	2965
2201	3153
2201	2342
2202	3026
2203	2674
2203	2252
2204	2992
2204	2557
2205	3157
2205	2836
2207	2636
2207	3446
2209	3402
2209	2982
2209	3427
2210	2904
2210	2331
2211	3400
2211	3127
2211	3224
2212	2481
2212	3090
2212	3434
2212	2296
2213	3472
2213	3500
2214	2973
2214	2783
2214	2738
2214	2458
2215	3482
2215	3142
2215	3100
2216	2475
2216	2284
2217	3057
2218	3424
2218	2533
2218	2913
2219	2501
2219	2723
2219	3481
2220	3229
2220	2315
2220	3195
2221	2717
2221	2386
2222	3585
2223	3117
2223	2441
2223	2753
2223	2924
2224	3295
2224	2245
2225	2433
2225	2868
2225	2610
2226	2663
2226	3459
2226	3287
2227	2824
2227	2887
2227	2628
2227	3146
2228	2512
2229	2377
2229	2968
2230	2308
2230	2428
2230	2690
2231	3508
2232	3147
2232	2964
2233	3110
2234	2634
2234	2740
2234	2407
2234	2661
2235	2634
2236	2776
2237	3400
2237	3405
2237	2270
2238	3164
2238	3561
2239	2782
2239	3315
2239	2832
2240	2932
2241	3324
2241	3277
2242	3007
2243	2994
2243	2531
2243	2397
2244	2269
2244	2504
2244	3412
2245	3464
2246	2681
2246	2631
2248	3348
2248	3353
2249	2933
2249	2361
2249	3061
2250	3242
2250	3036
2251	3029
2251	2909
2251	3079
2251	2340
2251	2523
2252	2674
2252	3213
2253	2562
2253	3376
2254	3074
2254	2432
2254	2726
2255	2449
2255	3493
2256	2920
2256	3554
2256	3447
2257	2604
2258	3522
2258	2302
2259	3484
2259	3298
2260	3322
2260	3610
2260	3367
2261	2808
2261	2544
2262	2700
2262	3606
2262	3545
2262	3154
2263	3401
2263	3178
2263	2798
2264	2758
2264	3157
2264	3430
2264	3178
2265	3231
2266	3584
2266	3504
2266	3618
2267	3080
2267	2916
2267	3172
2268	2379
2268	3487
2268	3488
2268	3611
2269	3308
2269	2504
2270	3351
2270	2483
2270	3405
2270	2737
2271	2791
2271	2678
2272	2863
2272	2408
2272	2542
2273	2648
2273	3347
2274	2481
2274	2629
2274	2423
2274	2801
2274	2307
2274	3168
2275	3194
2275	3222
2276	3505
2276	2686
2276	2762
2277	2880
2278	2987
2278	3064
2279	3512
2280	2437
2281	2702
2281	2453
2281	2788
2281	2492
2281	2497
2282	3627
2282	3116
2282	3133
2283	2328
2284	2771
2284	2475
2285	3121
2286	3614
2286	2734
2287	2334
2288	2642
2289	3498
2290	3090
2290	2998
2290	3629
2290	3168
2291	3208
2291	2888
2291	3403
2291	3331
2291	3151
2292	3600
2292	3335
2292	2692
2292	3166
2293	3634
2293	2489
2293	2318
2293	3453
2294	2885
2294	3229
2294	3195
2295	3340
2296	2481
2296	2629
2296	3190
2296	3032
2297	2788
2297	2492
2297	3191
2298	3460
2299	3369
2300	3390
2300	3247
2301	2412
2301	2616
2302	3522
2303	2975
2304	3536
2304	2502
2305	2564
2306	3329
2306	2748
2307	3221
2307	2423
2307	2801
2307	2917
2308	2727
2308	2690
2309	2373
2309	2774
2309	2411
2309	2330
2310	3200
2310	3341
2310	3518
2311	2475
2311	3206
2311	3469
2312	2336
2312	3416
2313	3203
2313	2396
2314	3598
2315	3491
2316	3375
2316	3366
2316	3013
2317	3605
2317	2384
2317	2988
2317	3426
2318	2489
2318	3453
2319	2519
2319	3363
2320	3112
2321	2876
2321	3264
2322	3557
2323	2939
2323	3526
2323	2792
2323	3510
2324	2675
2324	2845
2325	2948
2325	2791
2326	2821
2326	3389
2327	3188
2329	2477
2329	3112
2329	3350
2330	2373
2330	2942
2331	2748
2332	3219
2333	3604
2333	3268
2334	3292
2335	3203
2335	2955
2336	3182
2336	3416
2336	3276
2337	2851
2338	2451
2338	2745
2339	3557
2340	3029
2340	2652
2340	2523
2341	3511
2342	3153
2342	2871
2343	3393
2344	2980
2345	3401
2345	2958
2346	3154
2346	3423
2346	2866
2347	2719
2347	2454
2348	3070
2348	3432
2348	3441
2348	3314
2348	2495
2351	3002
2351	3379
2351	2843
2351	2752
2352	2664
2352	2630
2352	3218
2353	3301
2353	3165
2354	2876
2355	2575
2355	2578
2355	2496
2358	2515
2358	2921
2358	3018
2358	3308
2359	2425
2359	2387
2360	2911
2361	2933
2361	3180
2362	3044
2363	2673
2363	2659
2364	2462
2364	3166
2365	2534
2365	2922
2365	3092
2365	3552
2366	3541
2366	2566
2366	3235
2367	3209
2367	2821
2368	2515
2369	2443
2370	3215
2370	2763
2370	2752
2370	3291
2371	2898
2371	2541
2372	3077
2372	3513
2373	2641
2373	2774
2374	3100
2374	2412
2375	3253
2375	3190
2375	2470
2376	3462
2377	2968
2378	2826
2379	2468
2379	3235
2379	3487
2379	3488
2380	3565
2380	3212
2381	2516
2381	2392
2382	3354
2382	3420
2382	3028
2383	3601
2383	3611
2383	2754
2384	3605
2384	3426
2384	3440
2385	3329
2385	2840
2385	3306
2386	2585
2386	2717
2387	2720
2387	2425
2388	3087
2388	2570
2388	3570
2389	3182
2390	3550
2390	2769
2390	2859
2394	2708
2394	3520
2395	2645
2395	2899
2397	2531
2397	2592
2397	3316
2398	2974
2399	2875
2400	3083
2401	2587
2401	2770
2401	3219
2402	3023
2402	2644
2403	3311
2403	3346
2404	3419
2404	3058
2405	3258
2405	2953
2406	3548
2406	2870
2407	2740
2407	2533
2408	2863
2408	2542
2409	3128
2409	2987
2410	2457
2410	2552
2411	2751
2411	2850
2413	3535
2413	2969
2413	2710
2413	2572
2415	3122
2415	3258
2416	2534
2416	2922
2418	2859
2418	2605
2418	3137
2419	3317
2419	2646
2420	3392
2420	2677
2421	3030
2422	3486
2422	3445
2423	2822
2423	2629
2424	2938
2424	2571
2426	2613
2427	2783
2427	2738
2427	3328
2427	2803
2428	3543
2428	3170
2429	2998
2429	3367
2429	2801
2429	2917
2429	3256
2430	3183
2431	2489
2432	2513
2433	3237
2435	3073
2435	2462
2436	2698
2436	3275
2436	3547
2436	3056
2437	2849
2437	2461
2438	3171
2438	2735
2438	2676
2439	2767
2439	3468
2439	3115
2439	2448
2439	2956
2441	3156
2441	2753
2441	2924
2441	3599
2441	3564
2442	3607
2442	3199
2442	2996
2442	3391
2443	3225
2443	3217
2444	2499
2445	3556
2445	3613
2445	2760
2446	3480
2446	3442
2446	3339
2447	3465
2448	2767
2449	3493
2450	2807
2451	3177
2451	2745
2452	2897
2453	2702
2454	2719
2454	3250
2455	2949
2455	3563
2456	3522
2456	2806
2456	3430
2458	3492
2458	2707
2459	2946
2460	2669
2461	2849
2461	2914
2462	2480
2463	3139
2463	3628
2465	2604
2465	3534
2466	2978
2466	3465
2466	3324
2467	2622
2467	2572
2468	3488
2470	3466
2471	3503
2472	3617
2472	2603
2472	3575
2472	2498
2473	3469
2474	3056
2475	2771
2476	2908
2476	3228
2477	3350
2479	2552
2479	2692
2480	2571
2481	3090
2481	2629
2481	3168
2482	3237
2482	3536
2483	3405
2483	2737
2485	3297
2487	3543
2488	3260
2488	2762
2488	3532
2489	3634
2490	2825
2490	3179
2490	2703
2490	2999
2491	2743
2491	3038
2492	2788
2492	2689
2492	2497
2492	3191
2493	2672
2493	2806
2494	2548
2494	2929
2495	3070
2495	3441
2495	2632
2496	3418
2496	3581
2497	2689
2498	3592
2498	2603
2498	3575
2499	3129
2500	3479
2500	2514
2500	3307
2501	2811
2501	3481
2502	2700
2502	2785
2502	3423
2503	3140
2503	3413
2503	2687
2504	3308
2504	3104
2507	3177
2507	2745
2508	3496
2508	3206
2508	2638
2508	2759
2509	3285
2509	3612
2511	3447
2511	2576
2512	2712
2512	3444
2513	2590
2514	3479
2514	3307
2515	2899
2515	2921
2517	2558
2517	3372
2518	3050
2518	2546
2519	3363
2520	3602
2520	2881
2520	3123
2521	3261
2521	2627
2522	2697
2522	3525
2523	2909
2523	2841
2524	2814
2525	3224
2525	2636
2526	3240
2526	3082
2526	3061
2527	2835
2527	3328
2528	3007
2528	2906
2528	3456
2529	2825
2529	3295
2530	3374
2530	3446
2530	2945
2531	2592
2532	2657
2533	2740
2533	2913
2534	2922
2534	3092
2536	2924
2536	3564
2537	3230
2537	3228
2538	3059
2538	2781
2540	3287
2541	3359
2544	2961
2545	3630
2545	2619
2545	2793
2545	2939
2545	2919
2546	3455
2546	3050
2547	2652
2548	3414
2548	2929
2549	3379
2549	2560
2550	3496
2552	2692
2552	3166
2554	3069
2554	3263
2554	3118
2555	3358
2556	2991
2556	2757
2557	3048
2557	2992
2559	2663
2560	2869
2561	3238
2561	2653
2561	2675
2561	2845
2563	2903
2563	3356
2564	3144
2564	3544
2564	2790
2565	3281
2565	2696
2566	2598
2566	3272
2567	3349
2567	3483
2567	3633
2568	3409
2568	3342
2569	2634
2569	2661
2569	3577
2569	3148
2570	3087
2570	3570
2571	2938
2572	2969
2572	2622
2573	2795
2573	3495
2574	3371
2575	2805
2575	2578
2575	3081
2576	3252
2577	3023
2578	3081
2579	2979
2580	2816
2580	2626
2580	2657
2581	3019
2581	3450
2582	3286
2582	3050
2582	3162
2582	2631
2583	3519
2584	3122
2584	3326
2585	2766
2585	2717
2586	3155
2586	2853
2586	3555
2587	3319
2587	2957
2589	3147
2589	2964
2589	3582
2589	3333
2590	3541
2592	3528
2592	3316
2593	3419
2593	3338
2594	2623
2594	3576
2595	3474
2595	2842
2596	2598
2596	3284
2597	3355
2597	3147
2598	3220
2599	2989
2599	2879
2599	3198
2600	2965
2600	2907
2600	2905
2601	2966
2601	2747
2602	3411
2602	3025
2603	3403
2603	3592
2605	3137
2607	3605
2608	3632
2608	3132
2609	3265
2609	2674
2609	3213
2610	3138
2610	2718
2610	3086
2611	2921
2611	3065
2611	3018
2612	2690
2612	3517
2615	3437
2615	3281
2615	3539
2617	2750
2617	3271
2617	2940
2618	3312
2619	3630
2620	3567
2621	3016
2622	2969
2622	3009
2623	3435
2624	3108
2627	3318
2627	3261
2627	2725
2628	2824
2629	2822
2629	3032
2631	3286
2631	3050
2633	3031
2634	2661
2635	2936
2635	3454
2635	2721
2637	3579
2637	3236
2638	3206
2638	2759
2638	3134
2639	3357
2639	2965
2640	2858
2641	2711
2642	3088
2642	3005
2642	3475
2643	3278
2644	3098
2646	3317
2646	2660
2647	2923
2647	3219
2648	3347
2648	2925
2649	2861
2649	2651
2650	2974
2650	3594
2650	2862
2651	2861
2652	3029
2653	2891
2653	3238
2654	2778
2656	3603
2656	3208
2656	2888
2658	2852
2658	3289
2659	3066
2659	3476
2660	2990
2661	2823
2662	3009
2662	3098
2663	3459
2663	3287
2664	3218
2666	3048
2666	3562
2666	3212
2667	2824
2668	2931
2668	2894
2668	2680
2669	3529
2670	3119
2670	2930
2671	3211
2671	2695
2672	2806
2674	3213
2675	2845
2676	3302
2676	3171
2677	2759
2677	3134
2678	3492
2678	3421
2680	2941
2681	3179
2681	2999
2682	2826
2682	3001
2682	3240
2683	2966
2684	3162
2685	3458
2686	3438
2686	3035
2687	3241
2687	3413
2689	3191
2690	3517
2691	3245
2692	3166
2693	3233
2694	3043
2694	3384
2695	2885
2696	3008
2697	3332
2698	3370
2698	3275
2699	3483
2699	2878
2700	2785
2700	3154
2700	3423
2701	3461
2702	2788
2703	2825
2703	3179
2704	3578
2705	3068
2705	3368
2705	3560
2706	2839
2707	3492
2709	3545
2709	3387
2710	3535
2710	2969
2712	3444
2713	3196
2713	3077
2713	2741
2714	3580
2715	2965
2715	2905
2715	3431
2716	3382
2716	2724
2716	2874
2718	3086
2720	2787
2722	3136
2722	3290
2722	3063
2723	3097
2724	3433
2724	3533
2724	3021
2725	3407
2725	3318
2725	3261
2725	3107
2726	3220
2726	3541
2728	2811
2728	3381
2730	3184
2731	3278
2731	2935
2732	3274
2734	3614
2737	3305
2737	3351
2737	3587
2738	2783
2738	2803
2739	3125
2741	3196
2741	3093
2741	3077
2742	2880
2742	3109
2743	3038
2744	2774
2745	3177
2746	3079
2746	3089
2747	2966
2747	3101
2749	2775
2749	3320
2750	3620
2750	3271
2750	2940
2751	2850
2751	3476
2752	2763
2752	3379
2752	2843
2753	3156
2754	2813
2754	3601
2755	3283
2756	3255
2757	2991
2758	3185
2758	3178
2759	3496
2759	3134
2760	3556
2761	3215
2761	3428
2762	3505
2762	3260
2763	3379
2763	3265
2763	3291
2764	3603
2765	2828
2767	2901
2767	2956
2767	2838
2768	2943
2768	3623
2769	2859
2773	3366
2773	3579
2773	3013
2777	3625
2779	3364
2780	2852
2780	3523
2782	2790
2783	2973
2784	2972
2784	2848
2785	3525
2786	2855
2787	2919
2787	2792
2789	3382
2789	3502
2789	3358
2790	3544
2792	2939
2792	2919
2792	3510
2793	3223
2793	2919
2794	3352
2794	2915
2795	2856
2795	3495
2796	3450
2797	3474
2798	3401
2799	3049
2800	3113
2801	2998
2801	2917
2801	3168
2803	3161
2804	3395
2809	3632
2810	2892
2810	3280
2811	3381
2811	3481
2812	3228
2812	2826
2813	3601
2814	3189
2815	3097
2816	3255
2817	3388
2817	2945
2817	3021
2818	2982
2818	3332
2819	3039
2819	2900
2819	2835
2820	3340
2822	3365
2822	3032
2823	3181
2823	3334
2825	3295
2827	3040
2827	2952
2828	3526
2828	3510
2829	2923
2829	3626
2829	2867
2830	3330
2830	3344
2832	3315
2833	2918
2833	3197
2833	3321
2834	3003
2835	3372
2835	3328
2836	2879
2836	3205
2837	3354
2838	2901
2838	2895
2840	3306
2840	3581
2842	3102
2843	3428
2843	3508
2846	3551
2846	3003
2847	3594
2847	2862
2848	2972
2848	3439
2849	3386
2849	3193
2850	3476
2852	3289
2852	2934
2852	3523
2853	3155
2853	3057
2854	3417
2855	3301
2855	3576
2855	3165
2856	3546
2856	3300
2856	3521
2857	3186
2857	3398
2859	3550
2861	3038
2862	3594
2862	2870
2864	3111
2866	3154
2866	3294
2866	3116
2867	3626
2867	3392
2868	3536
2869	2936
2870	3041
2872	3561
2872	3424
2873	3462
2873	3232
2874	3382
2875	3529
2876	3264
2877	3631
2878	3024
2878	3483
2879	2989
2880	3109
2881	3210
2884	3300
2885	3229
2886	2918
2886	3197
2887	3146
2888	3208
2888	3331
2889	3376
2889	3207
2889	3580
2893	3315
2893	3262
2898	3397
2899	2921
2899	3065
2901	2956
2901	3052
2902	3113
2902	3524
2904	3360
2905	2965
2905	3431
2906	3007
2906	2932
2908	3028
2909	3520
2909	3079
2909	3089
2910	3615
2910	2912
2910	3066
2911	3593
2911	3001
2913	3424
2914	3153
2915	3530
2915	3352
2916	3172
2917	3221
2917	3256
2918	3197
2919	2939
2920	3205
2920	3554
2920	3447
2921	3065
2921	3018
2922	3471
2922	3552
2924	3564
2925	3288
2926	2943
2926	3571
2928	3396
2928	3622
2928	3592
2930	3337
2930	3119
2931	3507
2931	3506
2931	2962
2933	3180
2933	3276
2934	3289
2934	3523
2935	3084
2935	3278
2935	2993
2936	3099
2937	2959
2939	3630
2941	3420
2941	3028
2942	3574
2945	3374
2945	3388
2945	3052
2946	3130
2949	3563
2950	2983
2951	3145
2951	3449
2953	3325
2954	3432
2954	3441
2954	3118
2954	3034
2955	3203
2955	3550
2955	2960
2956	3115
2957	3319
2960	3203
2960	3550
2961	3251
2962	3527
2962	3506
2962	3133
2963	3320
2964	3147
2964	3589
2967	3211
2969	3009
2971	3092
2975	3567
2976	3608
2976	3085
2977	3312
2977	3410
2977	3234
2978	3465
2978	3051
2978	3572
2979	3272
2980	3448
2980	3067
2981	3096
2986	2991
2988	3020
2988	3426
2988	3214
2989	3185
2989	3198
2990	3159
2992	3048
2993	3084
2996	3573
2996	3391
2996	3059
2998	3629
2998	3168
2999	3179
3000	3119
3005	3395
3005	3475
3005	3595
3006	3452
3006	3371
3008	3489
3009	3098
3010	3137
3010	3615
3010	3593
3011	3568
3012	3131
3012	3608
3013	3366
3014	3073
3015	3250
3015	3027
3017	3457
3018	3308
3019	3425
3019	3450
3020	3426
3020	3214
3021	3533
3022	3106
3022	3036
3024	3569
3025	3327
3025	3363
3028	3420
3030	3417
3032	3253
3032	3190
3032	3365
3033	3381
3033	3042
3034	3441
3036	3106
3037	3135
3040	3122
3040	3326
3043	3384
3045	3477
3046	3439
3047	3480
3047	3442
3051	3572
3052	3374
3052	3388
3053	3105
3054	3355
3055	3350
3059	3573
3060	3619
3061	3240
3061	3082
3062	3410
3062	3568
3063	3136
3066	3476
3067	3448
3067	3114
3068	3335
3069	3118
3070	3314
3071	3364
3071	3421
3074	3565
3076	3622
3079	3089
3081	3292
3083	3304
3085	3322
3086	3138
3088	3475
3089	3520
3090	3434
3090	3168
3091	3204
3093	3196
3095	3323
3100	3482
3101	3169
3102	3252
3103	3373
3103	3404
3104	3128
3105	3355
3107	3407
3107	3261
3107	3129
3108	3322
3110	3528
3111	3373
3111	3280
3114	3517
3115	3468
3115	3461
3115	3305
3116	3294
3116	3627
3117	3270
3117	3531
3118	3432
3119	3337
3120	3204
3120	3246
3120	3226
3121	3130
3122	3326
3123	3602
3124	3585
3124	3497
3124	3325
3127	3400
3127	3224
3130	3267
3132	3613
3133	3527
3133	3506
3133	3627
3136	3176
3137	3615
3139	3184
3140	3624
3141	3458
3142	3482
3142	3249
3143	3501
3144	3259
3144	3544
3145	3449
3148	3577
3150	3443
3151	3331
3152	3337
3154	3423
3156	3599
3157	3430
3158	3484
3158	3299
3160	3270
3160	3531
3162	3534
3164	3554
3165	3301
3165	3576
3167	3457
3170	3559
3171	3302
3174	3290
3175	3542
3176	3408
3178	3401
3180	3182
3180	3276
3181	3334
3182	3276
3186	3398
3187	3475
3187	3595
3188	3202
3189	3616
3190	3253
3193	3478
3193	3386
3194	3334
3195	3229
3197	3216
3199	3607
3199	3341
3200	3518
3201	3407
3201	3512
3205	3447
3206	3469
3207	3376
3207	3580
3208	3603
3208	3396
3208	3403
3209	3252
3216	3509
3217	3225
3223	3497
3226	3246
3227	3535
3232	3553
3233	3386
3235	3487
3236	3301
3239	3360
3239	3549
3242	3547
3243	3491
3243	3333
3243	3275
3244	3311
3248	3249
3248	3257
3251	3583
3253	3365
3254	3303
3256	3367
3259	3485
3262	3315
3265	3291
3266	3573
3266	3343
3266	3391
3267	3317
3268	3604
3269	3303
3270	3531
3271	3494
3273	3631
3274	3588
3275	3547
3276	3416
3279	3591
3280	3377
3281	3539
3284	3562
3285	3612
3288	3453
3291	3625
3294	3627
3299	3484
3300	3546
3304	3521
3305	3468
3305	3461
3305	3351
3305	3587
3306	3581
3310	3516
3310	3455
3316	3528
3319	3574
3323	3553
3327	3600
3327	3467
3328	3372
3330	3344
3330	3620
3333	3582
3333	3491
3335	3600
3335	3467
3339	3451
3341	3607
3341	3518
3342	3409
3345	3555
3345	3538
3349	3483
3351	3461
3357	3590
3358	3502
3359	3513
3362	3540
3362	3380
3364	3421
3366	3579
3368	3560
3375	3425
3377	3404
3378	3591
3380	3540
3387	3606
3387	3545
3389	3499
3391	3573
3395	3595
3396	3603
3396	3403
3396	3592
3397	3530
3399	3634
3399	3560
3402	3427
3403	3592
3406	3632
3409	3473
3414	3485
3418	3581
3424	3561
3425	3450
3426	3440
3428	3508
3432	3441
3433	3502
3433	3533
3434	3552
3435	3556
3437	3586
3437	3539
3439	3526
3440	3514
3442	3480
3442	3499
3449	3624
3454	3621
3459	3501
3463	3617
3463	3575
3465	3572
3467	3600
3468	3587
3471	3552
3472	3500
3473	3616
3475	3595
3487	3611
3490	3542
3495	3511
3497	3585
3504	3633
3504	3618
3506	3507
3510	3526
3518	3607
3521	3546
3523	3583
3527	3627
3537	3622
3545	3606
3564	3599
3566	3577
3575	3617
3578	3612
3584	3618
3610	3629
