0	3338
0	368
0	1990
0	991
0	451
0	2194
1	2707
1	1400
1	645
1	1514
1	2199
1	2057
2	545
2	2147
2	1731
2	2855
2	1606
2	3124
3	2108
3	2802
3	3387
3	1957
3	2805
3	996
4	1312
4	1325
4	258
4	1882
5	2034
5	1233
5	2789
5	680
5	2989
5	1272
6	3377
6	3365
6	1383
6	2976
6	2470
6	1965
7	483
7	1382
7	722
7	1413
7	1958
7	3395
8	1113
8	2099
8	2065
8	3386
8	110
8	997
9	2216
9	606
9	842
9	1006
10	2283
10	2722
10	574
10	3188
10	1128
10	1201
11	1199
11	3033
11	311
11	1668
11	1947
11	3064
12	124
12	385
12	3238
12	126
12	2088
12	651
13	1610
13	1374
13	3218
13	2378
14	1770
14	751
14	207
15	1803
15	3109
15	1765
15	2212
15	1972
15	2166
16	3164
16	736
16	3257
16	2832
16	3209
16	2513
17	2349
17	2632
17	1441
17	2190
17	2381
17	3029
18	692
18	2697
18	2836
18	72
18	2687
18	2038
19	1189
19	555
19	1570
19	318
19	570
19	60
20	3100
20	871
20	505
20	2132
21	1856
21	3175
21	2556
21	2568
21	1474
21	2353
22	1993
22	2564
22	199
22	1129
22	2397
22	1472
23	1953
23	1964
23	1682
23	68
23	133
23	2098
24	1031
24	1258
24	1484
24	2829
24	2827
24	1920
25	1738
25	1819
25	1658
25	552
25	260
25	2124
26	2747
26	2336
26	732
26	3425
26	327
26	2772
27	1334
27	286
27	3231
27	3145
27	910
27	449
28	1249
28	1836
28	582
28	1465
28	2348
28	1961
29	632
29	1281
29	1583
29	3420
29	608
29	2797
30	3359
30	833
30	3175
30	299
30	3210
30	3183
31	2649
31	574
31	3166
31	1987
31	2248
31	2423
32	150
32	1321
32	3000
32	1656
32	3107
32	3176
33	954
33	2033
33	355
33	2179
33	1321
33	1392
34	48
34	2447
34	967
34	550
34	634
34	1498
35	1119
35	3051
35	238
35	2861
35	2442
35	1495
36	3273
36	3029
36	2504
36	797
36	383
36	1611
37	929
37	655
37	1118
37	2042
37	693
37	1553
38	2679
38	2104
38	2974
38	2532
38	473
38	159
39	1374
39	1330
39	512
39	1006
40	1044
40	3374
40	2451
40	1708
40	3240
40	3134
41	1139
41	1365
41	2875
41	2868
41	2039
41	845
42	271
42	1646
42	2045
42	3257
42	3178
42	2839
43	944
43	1020
43	2991
43	1090
43	429
43	1627
44	2821
44	870
44	1877
44	1469
44	363
44	1311
45	933
45	2298
45	323
45	533
45	715
45	1013
46	2469
46	2798
46	3350
46	648
46	2708
46	2290
47	1535
47	2845
47	3391
47	1767
47	998
47	1431
48	848
48	1104
48	1003
48	2447
48	967
49	147
49	679
49	2597
49	3226
49	1306
49	1909
50	2289
50	3014
50	1298
50	2767
50	1979
50	2502
51	1342
51	610
51	2066
51	2113
51	865
51	2589
52	2375
52	1084
52	1371
53	578
53	71
53	3367
53	584
53	2811
53	912
54	644
54	2765
54	1218
54	162
54	3372
54	3411
55	1493
55	1829
55	3096
55	1359
55	1293
55	3127
56	1779
56	1517
56	1905
56	922
56	310
56	1562
57	1735
57	1205
57	2690
57	2739
57	223
57	116
58	96
58	1551
58	1022
58	2093
58	477
58	1048
59	1269
59	1324
59	353
59	1966
59	1154
59	937
60	555
60	570
60	3027
60	795
60	2923
61	2748
61	2465
61	2746
61	1349
61	508
62	2156
62	1761
62	2897
62	2043
62	3428
62	3092
63	486
63	805
63	111
63	2275
63	2891
63	363
64	1825
64	1792
64	2693
64	2395
64	3323
64	2750
65	3204
65	1496
65	3044
65	1757
65	3013
65	1813
66	177
66	1561
66	1066
66	1267
66	341
66	2872
67	1198
67	1236
67	2030
67	546
68	1682
68	496
68	841
68	2641
68	2098
69	1453
69	3054
69	971
69	2119
69	2403
69	2827
70	2655
70	178
70	1455
70	831
70	2201
70	2942
71	2957
71	578
71	939
71	3367
71	1842
72	818
72	1348
72	2687
72	2038
73	2254
73	799
73	2390
73	403
73	2906
73	399
74	1762
74	1140
74	527
74	1021
74	2580
74	1893
75	3136
75	2741
75	2898
75	2006
75	2267
75	324
76	2755
76	2492
76	1898
76	1492
76	1963
76	1095
77	780
77	1448
77	535
77	1193
77	2786
77	447
78	3353
78	2133
78	2992
78	890
78	2033
78	355
79	2274
79	985
79	3155
79	2396
79	838
79	245
80	1789
80	1599
80	952
80	1286
80	376
80	2581
81	789
81	3256
81	407
81	3000
81	671
81	1322
82	1582
82	641
82	297
82	2617
82	1683
82	3101
83	216
83	439
83	1168
83	2603
84	3122
84	2258
84	1890
84	1555
84	1689
84	2452
85	2200
85	1238
85	2767
85	393
85	1660
85	2502
86	1722
86	3282
86	131
86	1633
86	1559
86	743
87	1642
87	2591
87	1787
87	601
87	2805
87	3034
88	1851
88	3157
88	690
88	1645
88	2286
88	886
89	851
89	2530
89	1225
89	766
89	2736
89	541
90	3070
90	2850
90	652
90	1794
90	995
90	3357
91	1314
91	2085
91	1158
91	1012
91	2438
91	2143
92	1289
92	2387
92	2072
92	506
93	2456
93	3283
93	1037
93	1412
93	3330
94	2336
94	2967
94	3425
94	612
94	803
94	1717
95	1051
95	1563
95	2669
95	2590
95	1940
95	3286
96	2425
96	1442
96	1551
96	1861
96	2093
97	2304
97	2131
97	2386
97	3341
97	2588
97	2454
98	1886
98	3056
98	3341
98	2242
98	2014
98	2454
99	151
99	1169
99	534
99	1764
99	1400
99	2547
100	144
100	603
100	830
100	1962
100	366
100	2162
101	387
101	1831
101	322
101	1366
101	2410
101	935
102	1203
102	3276
102	138
102	1114
102	3125
102	3317
103	1197
103	1965
103	909
103	2153
103	3044
103	1757
104	2638
104	2080
104	2539
104	1420
104	3422
104	1355
105	1007
105	1978
105	329
105	2180
105	1699
105	3067
106	624
106	3059
106	3167
106	1435
106	1724
106	2973
107	2462
107	3163
107	2108
107	2975
107	213
107	2887
108	1895
108	3306
108	2345
108	1429
108	2227
109	2182
109	304
109	2082
109	2985
109	1026
109	561
110	1113
110	1039
110	931
110	894
110	997
111	2079
111	486
111	448
111	2275
111	1336
112	1080
112	3011
112	2592
112	3074
112	3119
112	712
113	1288
113	1155
113	787
113	2316
113	2322
113	1063
114	2902
114	430
114	3430
114	2363
114	2032
114	2303
115	248
115	2277
115	1424
115	2211
115	611
116	1205
116	223
116	2266
116	2921
116	3323
117	1337
117	1445
117	3248
117	1590
117	638
117	194
118	2264
118	1705
118	2978
118	897
118	1692
118	2345
119	1734
119	367
119	2735
119	880
119	1031
119	2829
120	1941
120	1657
120	1017
120	2837
120	2521
120	1389
121	2023
121	3100
121	871
121	1723
121	1320
121	1661
122	782
122	388
122	2696
122	1565
122	1557
122	2401
123	825
123	1024
123	1205
123	1360
123	2571
123	2266
124	3352
124	1203
124	3276
124	385
124	3238
125	2543
125	650
125	1173
125	2888
125	809
125	1486
126	385
126	651
126	2306
126	959
126	1573
127	247
127	2651
127	2149
127	1805
127	745
127	962
128	820
128	922
128	1156
128	374
128	3253
128	1528
129	1014
129	1132
129	1875
129	443
129	147
129	2261
130	1027
130	642
130	1838
130	2930
130	3418
130	467
131	1817
131	3307
131	1633
131	2286
131	1559
132	452
132	2925
132	176
132	807
132	1163
132	1179
133	1964
133	372
133	790
133	2579
133	2098
134	1816
134	3109
134	2212
134	2509
135	1543
135	2729
135	500
135	364
135	1676
135	2226
136	444
136	1923
136	966
136	2637
136	2816
136	2900
137	1164
137	1711
137	3332
137	2623
137	2154
137	2362
138	776
138	2288
138	3276
138	2761
138	3317
139	1072
139	346
139	932
139	2058
139	1852
139	2406
140	1253
140	1912
140	3050
140	3370
140	441
140	413
141	519
141	370
141	694
141	3293
141	3001
141	3342
142	536
142	1344
142	1875
142	443
142	900
142	2558
143	765
143	2534
143	3312
143	2340
143	1346
143	1333
144	721
144	3194
144	3404
144	603
144	830
145	2846
145	2895
145	3215
145	3370
145	1684
145	1806
146	1318
146	2576
146	913
146	372
146	1317
146	740
147	1014
147	1132
147	679
147	2597
148	1177
148	3217
148	2068
148	2724
148	1915
148	1602
149	583
149	1372
149	1452
149	1019
149	3201
149	2165
150	235
150	772
150	789
150	3000
150	3176
151	1926
151	534
151	2547
152	879
152	2070
152	1041
152	813
152	3277
152	1107
153	3181
153	2865
153	313
153	1270
153	2196
153	949
154	1618
154	2328
154	1793
154	1062
154	2896
154	613
155	524
155	1296
155	3046
155	483
155	1382
155	1579
156	2878
156	331
156	1302
156	485
156	2557
156	1592
157	948
157	1434
157	306
157	1062
157	735
157	613
158	1583
158	2011
158	1651
158	2629
158	3420
158	426
159	408
159	305
159	3089
159	2532
159	473
160	714
160	3397
160	2984
160	675
160	2058
160	2209
161	489
161	1043
161	1396
161	2602
161	1314
161	2085
162	1218
162	711
162	3411
162	1341
162	2318
163	798
163	2151
163	663
163	1199
163	1613
163	1947
164	1263
164	2892
164	2212
164	2166
165	568
165	662
165	229
165	2351
165	1032
165	3158
166	1122
166	493
166	1113
166	257
166	942
166	931
167	1058
167	1533
167	1064
167	1184
167	3220
167	280
168	2858
168	2285
168	2458
168	2388
168	2412
168	850
169	1123
169	549
169	1927
169	3392
169	2517
169	1378
170	594
170	2553
170	1841
171	1212
171	2099
171	249
171	1701
171	3383
171	2004
172	2319
172	2971
172	763
172	1078
172	3285
172	295
173	1198
173	1502
173	1778
173	271
173	1924
173	1646
174	497
174	1222
174	476
174	3039
174	1277
174	2124
175	934
175	1143
175	3141
175	377
175	3398
175	881
176	807
176	1163
176	1496
176	2056
176	1698
177	2352
177	1561
177	654
177	341
177	1266
178	1739
178	1455
178	2201
178	2722
178	1128
179	1657
179	3284
179	1537
179	1084
180	2669
180	3187
180	2868
180	2039
180	2376
180	597
181	1335
181	1239
181	2073
181	1102
181	3118
181	1749
182	1655
182	1110
182	1544
182	506
183	667
183	1339
183	2391
183	1715
183	1900
183	3334
184	314
184	3301
184	2111
184	575
184	1333
184	1959
185	1363
185	2392
185	3156
185	1809
185	817
185	2727
186	3265
186	2178
186	189
186	423
186	1982
186	1172
187	1507
187	1732
187	332
187	2428
187	2744
187	1834
188	2665
188	1532
188	2329
188	2222
188	1430
188	3233
189	1649
189	2178
189	933
189	492
189	423
190	1880
190	1251
190	2374
190	2957
190	2938
190	3080
191	2629
191	943
191	426
191	644
191	2765
191	2781
192	1487
192	227
192	1850
192	1664
192	2852
192	2486
193	2800
193	2738
193	2533
193	2771
193	759
193	1092
194	1337
194	1020
194	2991
194	1590
194	3087
195	206
195	498
195	626
195	3289
195	1450
195	1714
196	2730
196	2352
196	1561
196	1016
196	1997
196	3116
197	2118
197	2116
197	734
197	2747
197	2840
197	2772
198	1748
198	2419
198	2218
198	529
198	738
198	823
199	2402
199	1129
199	1472
199	3251
199	3180
200	1695
200	2184
200	2716
200	3336
200	3227
200	2377
201	2567
201	522
201	1194
201	1605
201	1008
201	1342
202	1463
202	1033
202	1702
202	1081
202	1690
202	560
203	1109
203	1347
203	1672
203	2604
203	2635
203	1815
204	665
204	689
204	290
204	1951
204	2417
204	1754
205	1141
205	269
205	1571
205	2550
205	2870
205	3243
206	2003
206	3371
206	1326
206	498
206	1450
207	1770
207	3131
207	751
207	3190
207	1170
208	1816
208	2509
208	2443
208	1476
208	1832
209	1141
209	3198
209	2293
209	432
209	2870
209	2541
210	219
210	2040
210	264
210	457
210	2879
210	792
211	2299
211	3142
211	2643
211	756
212	1348
212	2478
212	1376
213	550
213	2108
213	1498
213	2887
213	1957
214	353
214	2617
214	1047
214	1877
214	2337
214	3101
215	241
215	2836
215	785
215	365
215	317
215	1687
216	523
216	3292
216	439
217	3421
217	2399
217	680
217	1216
217	1384
217	1272
218	2369
218	2498
218	1719
218	2904
218	408
218	2988
219	526
219	1449
219	2040
219	3196
219	792
220	1524
220	440
220	2157
220	2313
220	2411
220	1069
221	1612
221	244
221	1101
221	2924
221	2405
221	2808
222	431
222	2561
222	778
222	974
222	2394
222	3327
223	1541
223	2739
223	2606
223	2921
224	279
224	3161
224	968
224	1009
224	1630
224	349
225	539
225	2828
225	852
225	2483
225	1769
225	2320
226	627
226	827
226	409
226	543
226	375
226	3349
227	1487
227	1931
227	1504
227	1850
227	3082
228	3068
228	3066
228	1182
228	3076
228	1994
228	1065
229	568
229	3172
229	1032
229	2503
229	3379
230	2156
230	1923
230	2822
230	2897
230	2113
230	865
231	1309
231	1914
231	530
231	477
231	622
231	843
232	1393
232	2595
232	3412
232	1124
232	3075
232	1864
233	1853
233	2021
233	420
233	2315
234	2255
234	495
234	796
234	2116
234	734
234	3162
235	772
235	2676
235	1891
235	789
235	883
236	1067
236	2455
236	486
236	805
236	1582
236	297
237	2130
237	545
237	308
237	1606
237	3182
237	2734
238	1394
238	1119
238	1085
238	1495
239	1175
239	2544
239	2738
239	2533
239	3224
239	2779
240	1695
240	875
240	2966
240	1166
240	2223
240	2015
241	1049
241	940
241	785
241	317
241	1669
242	757
242	1962
242	1781
242	366
242	3309
242	3308
243	314
243	3342
243	1115
243	605
243	2111
243	832
244	2191
244	2214
244	1612
244	1797
244	2808
245	2274
245	1064
245	1184
245	838
245	2167
246	2847
246	421
246	2224
246	983
246	3405
246	2812
247	515
247	1193
247	447
247	2651
247	1805
248	2211
248	640
249	1701
249	2790
249	1804
249	273
249	2004
250	2205
250	3007
250	3193
250	1665
250	2786
250	1549
251	2382
251	1587
251	632
251	1281
251	3410
251	1538
252	901
252	2515
252	1363
252	1439
252	2358
252	3156
253	702
253	2934
253	1704
253	1809
253	3400
253	3179
254	821
254	288
254	2034
254	970
254	741
254	2673
255	1046
255	322
255	1933
255	1165
255	2410
255	2279
256	1857
256	2763
256	2407
256	976
256	2103
256	516
257	493
257	2593
257	1113
257	3093
257	3386
258	1312
258	2482
258	3090
258	1955
259	1585
259	3011
259	2967
259	1100
259	674
259	2592
260	1658
260	1620
260	476
260	2638
260	2124
261	600
261	3228
261	3360
261	948
261	2094
261	3213
262	2740
262	1784
262	2020
262	3268
262	1328
262	731
263	1456
263	3376
263	2993
263	455
263	3036
263	1942
264	2040
264	2852
264	457
264	1839
264	2486
265	554
265	1936
265	2838
265	3202
265	2050
265	2663
266	1533
266	1274
266	280
266	963
266	2817
266	1196
267	2721
267	1975
267	1059
267	2323
267	3228
267	2754
268	540
268	2137
268	739
269	1141
269	3423
269	2715
269	1571
269	347
270	1763
270	1207
270	3242
270	1807
270	3384
270	1438
271	1502
271	1866
271	1646
271	3178
272	2399
272	1384
273	1804
273	984
273	2004
273	2276
273	979
274	2070
274	2596
274	1685
274	1930
274	2037
274	1604
275	1503
275	1480
275	670
275	346
275	932
275	2732
276	3016
276	298
276	2743
276	1911
276	1637
276	1831
277	1746
277	1647
277	2630
277	705
277	1906
277	2670
278	1059
278	2754
278	2404
278	3001
278	1115
278	2601
279	2903
279	2948
279	968
279	349
279	3236
280	1533
280	1274
280	336
280	3220
281	1837
281	1249
281	440
281	3177
281	2411
281	1465
282	1111
282	671
282	2983
282	2890
282	2703
282	1861
283	2899
283	3281
283	2613
283	964
283	1929
283	3168
284	3361
284	3102
284	2531
284	1938
284	2880
284	424
285	1416
285	3189
285	1758
285	1108
285	3043
285	563
286	828
286	3231
286	1945
286	910
286	1024
287	1519
287	1821
287	2069
287	1922
287	1515
287	2265
288	2034
288	970
288	2144
288	1634
288	2989
289	2724
289	3428
289	1602
289	1489
289	2019
289	788
290	665
290	3085
290	2473
290	1206
290	1951
291	1402
291	1362
291	1200
291	688
291	1142
291	1056
292	2574
292	2312
292	595
292	2061
292	907
292	2604
293	593
293	2735
293	880
293	497
293	2236
293	1222
294	2944
294	1968
294	1174
294	1513
294	2484
294	1230
295	390
295	1950
295	2498
295	1078
295	3285
296	869
296	2045
296	3209
296	837
297	805
297	1582
297	870
297	3101
298	1937
298	2660
298	3016
298	2943
298	2743
299	3359
299	3205
299	360
299	3210
299	664
300	3114
300	2718
300	525
300	2426
300	752
300	1577
301	471
301	685
301	903
301	1917
301	2959
301	1297
302	3007
302	1691
302	438
302	2523
302	3319
302	1549
303	2412
303	2535
303	2770
303	2612
303	3275
303	2000
304	404
304	2182
304	1026
304	1772
304	1345
305	701
305	3129
305	2904
305	408
305	2532
306	1434
306	2278
306	735
306	3008
306	926
307	1618
307	532
307	2584
307	2450
307	2896
307	3354
308	2130
308	545
308	2427
308	2475
308	1928
309	3133
309	2493
309	1760
309	1300
309	2169
309	587
310	922
310	1156
310	1562
310	2809
310	1619
311	1947
311	2728
311	1207
311	3064
311	1083
312	2629
312	3420
312	608
312	1910
312	2361
312	2781
313	1002
313	2865
313	2128
313	949
313	2912
314	3301
314	1869
314	605
314	2111
315	3132
315	2958
315	3086
315	1427
315	2784
316	888
316	2289
316	1995
316	361
316	1223
316	1979
317	1315
317	940
317	2836
317	2687
318	1570
318	380
318	2659
318	570
318	1955
319	1743
319	1541
319	1640
319	1147
319	2445
319	1213
320	2231
320	2723
320	2177
320	560
320	567
320	2648
321	1973
321	1126
321	1349
321	2849
322	1046
322	1637
322	1831
322	2410
323	2178
323	933
323	2298
323	1892
323	2477
324	3136
324	2898
324	1928
324	1354
325	654
325	1526
325	1266
325	617
325	3335
325	2284
326	1686
326	804
326	3344
326	669
326	482
326	2650
327	2747
327	769
327	3425
327	3261
327	2400
328	3022
328	847
328	2464
328	1737
328	1200
328	1553
329	1323
329	1978
329	1295
329	2180
329	3197
330	985
330	2396
330	2672
330	1047
330	965
330	2337
331	591
331	2878
331	2720
331	442
331	2557
332	2916
332	1608
332	1507
332	2270
332	2428
333	1818
333	908
333	1070
333	1331
333	2164
333	1530
334	1616
334	1767
334	340
334	998
334	564
334	2237
335	746
335	1275
335	2457
335	3151
335	514
335	1116
336	1807
336	586
336	1274
336	3339
336	3220
337	2092
337	1381
337	411
337	1677
337	1523
337	1921
338	3198
338	2715
338	2684
338	2762
338	1897
338	1679
339	2488
339	1413
339	2646
339	809
339	3395
339	1308
340	1767
340	2049
340	2766
340	698
340	564
341	1266
341	2872
341	750
341	2963
342	695
342	2365
342	391
342	1418
342	2873
342	2709
343	2264
343	1090
343	1627
343	599
343	2254
343	799
344	3418
344	3259
344	992
344	779
344	3222
344	659
345	1396
345	2155
345	2726
345	2234
345	1502
345	1778
346	1503
346	402
346	932
346	1852
347	3423
347	1571
347	1771
347	2552
347	1284
348	2952
348	2448
348	1819
348	1658
348	2287
348	1845
349	1630
349	3129
349	2225
349	3236
350	598
350	1389
350	1015
350	1552
350	2748
350	2465
351	417
351	1600
351	3351
351	2012
352	1352
352	1045
352	604
352	1651
352	1117
352	3211
353	1966
353	2617
353	937
353	2337
354	708
354	1790
354	3006
354	1548
354	2262
354	3009
355	2992
355	954
355	2033
355	2114
356	2862
356	1137
356	1481
356	2079
356	3337
356	448
357	2927
357	1783
357	3292
357	439
357	695
357	2365
358	887
358	1245
358	577
358	2831
358	1677
358	1946
359	2230
359	2069
359	455
359	2081
359	1846
359	2826
360	3205
360	1470
360	664
360	1439
360	2358
361	2442
361	2289
361	816
361	1995
361	793
362	1540
362	2204
362	1411
362	3328
362	3244
362	2699
363	805
363	870
363	2891
363	1311
364	500
364	3024
364	3314
364	1464
364	2226
365	3380
365	785
365	3030
365	1687
365	2576
366	603
366	1962
366	1781
366	2117
367	880
367	2622
367	3232
367	1031
367	1709
368	2925
368	1990
368	3396
368	1179
368	2194
369	2127
369	2308
369	3062
369	3347
369	2889
369	1858
370	1833
370	519
370	2042
370	694
370	2047
371	1246
371	2977
371	1159
371	419
371	919
371	2986
372	913
372	1964
372	740
372	790
373	1135
373	1617
373	3278
373	1736
373	3149
373	1283
374	1540
374	1156
374	1411
374	3427
374	1528
375	1497
375	2186
375	409
375	3349
375	2609
376	1599
376	983
376	1943
376	1560
376	2581
377	2994
377	2240
377	2173
377	3398
377	881
378	1812
378	1049
378	940
378	2799
378	906
378	987
379	1489
379	1948
379	1638
379	1854
379	1876
379	2019
380	1312
380	533
380	2659
380	1955
380	1013
381	2341
381	1688
381	1545
381	2487
381	2520
381	415
382	1554
382	689
382	2877
382	822
382	1752
382	1951
383	797
383	3332
383	1190
383	1611
383	2807
384	1045
384	491
384	1830
384	1001
384	3394
384	2011
385	1203
385	2051
385	2306
386	1487
386	3104
386	2446
386	2548
386	2990
386	1664
387	1741
387	1911
387	1831
387	1437
387	1366
388	1565
388	776
388	814
388	3317
388	1557
389	607
389	696
389	1967
389	2893
389	2585
389	1301
390	2869
390	457
390	1950
390	2879
390	3285
391	861
391	2660
391	695
391	2943
391	1418
392	746
392	1273
392	2275
392	2891
392	2457
392	3223
393	1238
393	3366
393	2008
393	781
393	1660
394	3426
394	3407
394	2138
394	2830
394	2301
394	3173
395	1493
395	1357
395	3138
395	539
395	2117
395	3096
396	1126
396	1713
396	2907
396	1343
396	2776
396	2436
397	2290
397	2965
397	1444
397	2845
397	1471
397	3391
398	903
398	2915
398	2894
398	2126
398	2773
398	1568
399	2390
399	403
399	3263
399	2549
399	1591
400	1822
400	2083
400	663
401	2462
401	742
401	1543
401	3382
401	2453
401	2975
402	1693
402	1503
402	2490
402	1852
402	1060
403	2969
403	1865
403	3263
403	2906
404	1254
404	2136
404	2182
404	1772
404	1653
405	3025
405	666
405	2496
405	1925
406	1672
406	1350
406	2239
406	2701
406	2524
406	3281
407	789
407	3256
407	3152
407	883
407	1671
408	2904
408	2988
408	3089
409	2186
409	1689
409	2452
409	627
410	421
410	891
410	753
410	2939
410	2917
410	3137
411	2123
411	1546
411	1381
411	1677
411	1946
412	1753
412	2764
412	3106
412	1822
413	2846
413	3050
413	3370
413	636
413	1023
414	1176
414	1860
414	3406
414	1800
414	2525
414	2512
415	2487
415	2843
415	2527
415	2046
415	2520
416	784
416	1542
416	685
416	2915
416	2398
416	1907
417	2130
417	1600
417	3182
417	727
417	3351
418	1130
418	3275
418	2000
418	1986
418	1885
418	2901
419	2833
419	1246
419	2949
419	919
419	3150
420	2315
420	1204
421	2224
421	891
421	2917
421	2812
422	1361
422	2657
422	1894
422	602
422	3279
422	1653
423	1649
423	1160
423	466
423	1982
424	3102
424	1938
424	2312
424	520
424	528
425	2232
425	1476
425	2203
425	3356
425	2370
425	1755
426	1651
426	2629
426	1117
426	943
427	849
427	2348
427	2889
427	775
427	3300
427	1858
428	2141
428	980
428	2691
428	2619
428	3004
428	840
429	944
429	1020
429	3316
429	3402
429	1742
430	2902
430	3148
430	1029
430	3271
430	2303
431	3145
431	1527
431	2675
431	2561
431	778
432	1164
432	1711
432	2962
432	2870
432	2541
433	2749
433	495
433	2118
433	734
433	1369
433	2350
434	1094
434	1813
434	3406
434	1800
434	1698
434	2977
435	3068
435	3069
435	1182
435	2970
435	3287
435	445
436	1409
436	2890
436	538
436	2703
436	1309
436	1914
437	2300
437	2106
437	2188
437	2589
437	3343
437	856
438	1691
438	704
438	2523
439	3292
439	2365
439	2603
440	1464
440	1837
440	2157
440	2411
441	1912
441	768
441	2895
441	1359
441	3370
442	2878
442	1728
442	2219
442	2720
442	762
443	2919
443	536
443	1875
443	2261
444	1923
444	2897
444	2221
444	2816
444	2043
445	1182
445	2181
445	1370
445	3287
445	2480
446	1902
446	2885
446	2794
446	1129
446	3180
446	2742
447	1193
447	2205
447	2786
447	2651
448	1067
448	1481
448	2079
448	486
449	3145
449	910
449	2561
449	2999
449	2031
450	3115
450	540
450	3128
451	991
451	1365
451	2875
451	2194
451	843
452	777
452	1440
452	2925
452	706
452	1163
453	3212
453	3024
453	2587
453	3133
453	1595
453	3314
454	3199
454	2213
454	1684
454	677
454	953
454	1149
455	2993
455	2230
455	1942
455	2826
456	2969
456	2305
456	1865
456	3058
456	1403
456	1021
457	2869
457	1839
457	2879
458	1803
458	3110
458	1887
458	2664
458	2440
458	2914
459	1353
459	3250
459	738
459	513
459	1276
459	823
460	1849
460	3407
460	1329
460	2917
460	3137
460	2138
461	819
461	1795
461	2689
461	2346
461	1680
461	2467
462	1195
462	3387
462	1211
462	1458
462	3294
462	2195
463	2639
463	929
463	2046
463	2520
463	2785
463	1118
464	2121
464	2935
464	2379
464	2956
464	3217
464	592
465	1145
465	3413
465	2524
465	2899
465	2751
465	1913
466	1160
466	1208
466	1982
466	2511
467	2930
467	2774
467	2501
467	3418
467	3259
468	3032
468	1729
468	890
468	2033
468	2179
468	1776
469	668
469	1768
469	2389
469	2244
469	2235
469	1614
470	1280
470	841
470	2641
470	1148
471	3261
471	1542
471	685
471	2959
471	1075
472	2859
472	2586
472	2578
472	1739
472	1811
472	1192
473	2974
473	2947
473	898
473	3089
474	2519
474	1423
474	1096
474	2415
474	2217
474	2828
475	3010
475	3110
475	1508
475	1765
475	2359
475	1786
476	2638
476	1277
476	2124
476	3422
477	1309
477	2093
477	622
477	1048
478	1387
478	3265
478	3103
478	1808
478	1172
478	1694
479	1710
479	1175
479	1751
479	819
479	1828
479	2689
480	1319
480	1340
480	1566
480	3190
480	1170
480	573
481	1330
481	3061
481	3218
481	2233
481	543
481	2551
482	804
482	1372
482	669
482	1675
482	3201
483	3046
483	1707
483	1382
483	722
484	790
484	2579
484	1477
484	2449
484	1948
484	1638
485	2683
485	2626
485	1302
485	1592
485	1823
486	1067
486	805
487	615
487	1280
487	1148
487	1463
487	1081
488	765
488	2534
488	499
488	2120
488	1853
489	2175
489	1043
489	3021
489	2602
489	938
490	1796
490	1986
490	535
490	2901
490	3193
490	1564
491	2477
491	1830
491	1587
491	1934
491	3394
492	1649
492	933
492	2926
492	502
492	715
493	2996
493	1122
493	1522
493	2593
494	579
494	2768
494	3337
494	1071
494	760
494	3419
495	2864
495	2749
495	2255
495	734
496	3071
496	1682
496	2641
497	1738
497	2236
497	1222
497	2124
498	1014
498	3371
498	626
498	2597
499	2096
499	2120
500	2729
500	958
500	716
500	3024
501	2788
501	917
501	672
501	2835
501	1766
501	1884
502	1649
502	2926
503	1403
503	1140
503	1030
503	2360
503	2296
503	2007
504	794
504	3010
504	744
504	1878
504	2302
504	1972
505	2010
505	3296
505	2132
506	1544
506	2072
507	3262
507	571
507	2854
507	2521
508	1935
508	2746
508	1349
508	2292
508	3234
509	1523
509	1921
509	1074
509	2190
509	2347
509	3273
510	871
510	1251
510	1320
510	2322
510	2132
510	1063
511	1494
511	3092
511	3084
511	2202
511	1517
511	788
512	842
512	1330
512	1575
512	2233
512	1006
513	3250
513	811
513	3313
513	3297
513	823
514	746
514	1944
514	3149
514	1116
514	1283
515	2333
515	2784
515	647
515	1193
515	1805
516	1976
516	3264
516	3331
516	976
516	2103
517	1339
517	2051
517	2391
517	2414
517	3260
517	1114
518	2857
518	697
518	2062
518	1904
518	925
518	2913
519	1833
519	1059
519	2323
519	3001
520	1938
520	2312
520	595
520	630
520	726
521	710
521	774
521	3038
521	930
521	2642
521	1073
522	1235
522	1194
522	1342
522	610
522	2775
523	2842
523	2560
523	3292
524	1243
524	3066
524	1994
524	1296
524	3046
525	1601
525	2835
525	1884
525	3114
525	2426
526	2134
526	1801
526	2206
526	1449
526	3196
527	2305
527	1021
527	2102
527	2474
527	2580
528	3102
528	2312
528	2061
528	1799
528	2461
529	1748
529	2731
529	2559
529	2218
529	1055
530	3187
530	2875
530	2868
530	622
530	843
531	2013
531	1426
531	3243
531	1722
531	1559
531	2129
532	1322
532	2983
532	3107
532	2584
532	2450
533	1312
533	1882
533	715
533	1013
534	3040
534	1219
534	1926
534	1169
535	1796
535	1448
535	3193
535	2786
536	2919
536	1344
536	1088
536	1518
537	1305
537	2683
537	3311
537	1417
537	2626
537	1373
538	1409
538	3338
538	3154
538	991
538	1914
539	1493
539	1357
539	2483
539	2320
540	3115
540	3128
540	2137
540	739
541	766
541	2736
541	1224
541	2625
541	754
542	867
542	2667
542	1352
542	2923
542	3211
542	3429
543	3061
543	627
543	2233
543	827
544	1885
544	2161
544	3015
544	704
545	2475
545	2855
545	1606
546	1077
546	1236
546	1744
546	558
547	1360
547	2571
547	1740
547	1868
547	2999
547	2884
548	2342
548	3093
548	1886
548	2065
548	2014
548	3386
549	1927
549	3385
549	1378
549	2357
549	2598
550	2447
550	896
550	1498
550	2887
551	655
551	1223
551	569
551	2135
551	1260
551	2047
552	2071
552	1738
552	1819
552	3077
552	2297
553	2853
553	1433
553	609
553	2273
553	3051
553	2851
554	838
554	2167
554	2508
554	1936
554	2838
555	1189
555	3076
555	1065
555	3027
556	879
556	2310
556	2596
556	810
556	1178
557	2049
557	2766
557	782
557	1548
557	2696
557	2343
558	905
558	1077
559	2759
559	2688
559	1142
559	1056
559	2725
559	3028
560	2231
560	1033
560	1702
560	2177
561	3325
561	2182
561	2329
561	2985
561	3233
562	1898
562	969
562	1499
562	2159
563	2367
563	2876
563	1991
563	3189
563	1758
564	1616
564	2766
564	2238
564	708
565	1762
565	2360
565	1855
565	2331
565	1000
565	1970
566	3278
566	863
566	3414
566	1307
566	2432
566	3214
567	2723
567	3084
567	1905
567	2648
567	2565
568	3181
568	2196
568	662
568	3172
569	888
569	2785
569	655
569	1223
569	1118
570	2659
570	2882
570	795
571	1941
571	1547
571	2854
571	2521
571	3388
572	2352
572	812
572	1997
572	654
572	1526
572	1996
573	2119
573	2269
573	1484
573	1319
573	1170
574	2283
574	2649
574	3188
574	2248
575	1346
575	1333
575	1959
575	3377
575	3365
576	3184
576	1279
576	3389
576	2850
576	1391
576	2863
577	1368
577	887
577	1245
577	1018
577	2055
578	2316
578	2374
578	2957
578	912
579	1481
579	1774
579	3337
579	3274
579	760
580	2478
580	755
581	1992
581	2421
581	609
581	2510
581	2573
581	758
582	2908
582	1836
582	849
582	3174
582	2348
583	2489
583	1794
583	3357
583	1372
583	1452
584	834
584	2685
584	2183
584	2811
584	912
585	1678
585	714
585	3363
585	3397
585	3416
585	2064
586	1274
586	3339
586	3099
586	1663
586	635
587	1760
587	2169
587	2112
587	681
588	2536
588	2731
588	2559
588	1211
588	1458
588	3049
589	2668
589	851
589	1749
589	1415
589	1615
589	846
590	1740
590	1221
590	2884
590	2572
590	764
590	2814
591	2720
591	801
591	2557
591	3192
591	3054
592	2956
592	2280
592	3217
592	2068
592	2052
593	1305
593	1373
593	2260
593	2735
593	2236
594	1702
594	1690
595	2312
595	1347
595	726
595	2604
596	3256
596	763
596	3152
596	1442
596	1247
596	1111
597	2039
597	1818
597	1070
597	2376
597	1144
598	1017
598	1389
598	2383
598	2748
598	1980
599	1090
599	1188
599	799
599	2820
599	1580
600	954
600	2114
600	3360
600	3213
600	3002
601	2591
601	1511
601	1984
601	3034
601	628
602	1772
602	1894
602	1653
602	2441
602	2384
603	721
603	3138
603	2117
604	1352
604	1045
604	2882
604	795
604	1001
605	1292
605	3293
605	1869
605	3342
606	2216
606	2203
606	3356
606	1949
607	3416
607	696
607	2064
607	2745
607	2893
608	3420
608	2797
608	761
608	2361
609	2421
609	1433
609	2273
609	2510
610	1342
610	2589
610	2775
610	856
611	2277
611	3402
611	2211
611	1742
611	3348
612	769
612	3425
612	1599
612	1943
612	1717
613	948
613	1793
613	1062
613	3213
614	767
614	2507
614	1750
614	1733
614	868
614	3240
615	1280
615	2259
615	2449
615	2627
615	1463
616	1152
616	3171
616	1254
616	2136
616	1227
616	3073
617	1266
617	750
617	2437
617	1136
617	2284
618	1437
618	835
618	2183
618	2002
618	1827
618	2811
619	2087
619	2745
619	1497
619	3059
619	3167
619	3349
620	728
620	767
620	730
620	2815
620	2444
620	1733
621	1152
621	3171
621	911
621	2537
621	1447
621	2677
622	2590
622	3187
622	1048
623	3042
623	2463
623	3341
623	2588
623	2242
623	2431
624	3061
624	827
624	3059
624	1264
624	2973
625	2933
625	3072
625	1720
625	3032
625	2243
625	1666
626	3289
626	1581
626	2597
626	1306
627	2452
627	1575
627	2233
628	1748
628	1984
628	3034
628	2536
628	2559
629	2698
629	2105
629	1654
629	1011
629	2818
629	1191
630	1007
630	2424
630	1938
630	726
630	1699
631	2769
631	2368
631	877
631	2471
631	3403
631	1652
632	1587
632	3394
632	1281
632	1583
633	1840
633	3159
633	2148
634	967
634	3315
634	1642
634	1498
634	1787
635	1274
635	2842
635	1663
635	2817
635	1783
636	2846
636	1746
636	836
636	1023
636	2263
637	1784
637	731
637	1721
637	2163
637	1018
637	2632
638	1747
638	1445
638	3248
639	660
639	2819
639	1500
639	3023
639	794
639	2302
640	1138
640	1590
640	2211
640	3087
641	928
641	1730
641	1582
641	1068
641	1683
642	1027
642	1356
642	923
642	2490
642	1838
643	777
643	1491
643	2787
643	3338
643	1990
643	3154
644	943
644	2960
644	2765
644	3411
645	2199
645	2057
645	2932
646	2210
646	2293
646	657
646	1897
646	2418
646	826
647	2958
647	1121
647	2951
647	2784
647	1805
648	2469
648	2798
648	1512
648	973
648	961
649	724
649	2518
649	878
649	834
649	3326
649	2685
650	729
650	2207
650	2543
650	2888
650	3158
651	2088
651	3018
651	2176
651	1573
652	2327
652	3070
652	891
652	753
652	1794
653	3161
653	1009
653	1718
653	3079
653	1190
653	2362
654	2352
654	1526
654	1266
655	1118
655	2042
655	2047
656	2444
656	1733
656	1473
656	868
656	1622
656	2631
657	2293
657	2418
657	2620
657	3298
657	2541
658	1716
658	1932
658	2820
658	1459
658	1404
658	703
659	779
659	3222
659	1584
659	2692
659	3381
660	2819
660	672
660	1127
660	1508
660	2302
661	1356
661	2877
661	2866
661	2499
661	1752
661	1151
662	1872
662	3181
662	3229
662	2351
663	798
663	1822
663	2083
663	1613
664	3210
664	2934
664	1704
664	1439
665	3185
665	2624
665	3085
665	2417
666	920
666	3025
666	2026
666	2496
666	1332
667	2391
667	2883
667	2446
667	3334
667	2990
668	1768
668	1614
668	2935
668	1870
668	1388
669	1675
669	2115
669	2650
669	2642
670	2035
670	1480
670	2494
670	2104
670	2732
671	3256
671	1111
671	1322
671	2983
672	2788
672	2819
672	1884
672	1127
673	3052
673	1234
673	1121
673	2570
673	1380
673	962
674	1585
674	3267
674	3375
674	1100
674	915
675	2058
675	2406
675	2209
675	1985
675	2609
676	1132
676	999
676	2029
676	679
676	2063
676	1539
677	3199
677	2213
677	3026
677	1848
677	2193
678	1253
678	1912
678	986
678	1291
678	2544
678	1410
679	1132
679	1909
679	2063
680	2662
680	2989
680	1216
680	1272
681	1760
681	1524
681	893
681	1069
682	2488
682	3239
682	2459
682	2621
682	1153
682	3355
683	1461
683	1581
683	1016
683	3226
683	1306
683	1066
684	3184
684	945
684	1061
684	3088
684	3389
684	3097
685	1542
685	903
685	2915
686	1668
686	1154
686	2274
686	3126
686	3064
686	3155
687	2780
687	1482
687	1446
687	1053
687	2636
687	2025
688	1402
688	1737
688	1200
688	2666
688	1975
689	1294
689	1554
689	1951
689	1754
690	2035
690	2499
690	1645
690	886
690	2494
691	718
691	3225
691	1186
691	2542
691	3295
691	1871
692	2697
692	2038
692	3351
692	2012
693	1833
693	2042
693	1737
693	2666
693	1553
694	1260
694	2047
694	1810
694	3293
695	2927
695	861
695	2365
696	2745
696	3167
696	1435
696	1301
697	3038
697	2857
697	2913
697	930
697	1242
698	1767
698	2049
698	1431
698	1299
698	1696
699	2082
699	1478
699	3012
699	2824
699	2688
699	2725
700	1588
700	3361
700	713
700	3364
700	3042
700	1998
701	2125
701	1630
701	3129
701	737
701	2532
702	3400
702	928
702	1899
702	1068
702	3179
703	2356
703	2184
703	3336
703	1459
703	1404
704	3015
704	2523
705	2630
705	1444
705	1906
705	1471
705	2834
706	1440
706	1956
706	3147
706	1163
706	3020
707	1910
707	2765
707	2781
707	1643
707	3372
707	3358
708	2766
708	2238
708	3006
708	1548
709	1731
709	1606
709	2734
709	3380
709	1318
709	2594
710	2185
710	774
710	2429
710	2650
710	2642
711	1218
711	2909
711	2304
711	1341
711	2131
712	3011
712	803
712	3119
712	1061
712	1468
713	3361
713	3102
713	2461
713	3042
713	2463
714	3397
714	2064
714	2087
714	2209
715	933
715	2926
715	1882
716	786
716	2729
716	2485
716	939
716	958
717	2686
717	3130
717	1133
717	2435
717	1326
717	2737
718	2810
718	2090
718	2332
718	3295
718	1871
719	964
719	3168
719	2636
719	2610
719	1405
719	3135
720	2873
720	1086
720	2709
720	2059
720	2516
720	3340
721	2339
721	3194
721	3138
721	764
722	1707
722	2667
722	1847
722	1958
723	2501
723	1887
723	3259
723	2664
723	992
723	2583
724	2943
724	1418
724	2743
724	2518
724	3326
725	981
725	2616
725	2682
725	2874
725	2671
725	1390
726	1773
726	1347
726	1699
727	3182
727	2697
727	3351
727	3030
727	1687
728	2574
728	2061
728	767
728	1799
728	730
729	1534
729	1462
729	2942
729	2207
729	2543
730	1799
730	1896
730	3091
730	2815
731	1784
731	1328
731	1721
731	1516
732	2336
732	1585
732	3267
732	2772
732	1443
733	2137
733	895
733	3123
733	1371
734	2118
734	2116
735	3362
735	1062
735	1956
735	3008
736	3164
736	3257
736	2839
736	1608
736	1594
737	2125
737	3157
737	1645
737	2679
737	2532
738	2419
738	2074
738	1276
738	823
739	3128
739	1467
740	1317
740	790
740	1261
740	1477
741	916
741	2911
741	821
741	2673
741	2928
742	2462
742	1641
742	1543
742	786
742	2729
743	1722
743	3282
743	822
743	1206
743	3037
744	3320
744	794
744	1878
745	2570
745	2149
745	2542
745	3295
745	962
746	1273
746	2457
746	3149
747	1952
747	808
747	1626
747	3204
747	909
747	1757
748	2325
748	1574
748	1619
748	762
748	2644
748	2078
749	2702
749	2215
749	3065
750	1266
750	1824
750	2963
750	1136
751	3330
751	3131
752	2774
752	2501
752	2718
752	1577
752	2583
753	891
753	2939
753	2489
753	1794
754	1224
754	1859
754	2625
754	3274
754	760
755	791
755	2478
755	1531
756	2643
756	2810
756	1969
757	1829
757	1781
757	986
757	3309
757	768
758	2510
758	2573
758	2806
758	2843
758	2929
759	2800
759	2089
759	1406
759	3329
759	1092
760	2625
760	1071
760	3274
761	2797
761	2361
761	3343
761	2775
761	856
762	1728
762	2219
762	2644
762	2078
763	2319
763	2971
763	3152
763	1247
764	2339
764	3194
764	2572
764	2814
765	2534
765	2340
765	1853
765	2021
766	1225
766	2522
766	2625
766	3401
767	2574
767	2507
767	1733
768	1829
768	1912
768	986
768	1359
769	3425
769	3261
769	1943
769	1075
770	2198
770	3258
770	1753
771	955
771	2127
771	938
771	3062
771	2940
771	829
772	2243
772	2676
772	1776
772	3176
773	3426
773	1849
773	3407
773	2924
773	1226
773	2808
774	2185
774	1454
774	2823
774	3038
775	2860
775	3053
775	3300
775	2871
775	1858
776	2060
776	1565
776	2288
776	3317
777	2787
777	1440
777	2925
777	1990
778	1527
778	3249
778	1939
778	974
779	1693
779	1838
779	3418
779	1584
780	876
780	977
780	1448
780	2333
780	1193
781	3366
781	2008
781	2096
781	3368
782	2696
782	2343
782	2401
782	1125
783	1259
783	815
783	1375
783	2185
783	2972
783	2429
784	2840
784	2400
784	936
784	1542
784	1907
785	2576
785	913
785	1669
786	1641
786	899
786	2729
786	2485
787	878
787	2685
787	1288
787	2316
787	912
788	3428
788	3092
788	2019
788	2202
789	883
789	3000
790	2579
790	1477
791	2139
791	1237
791	1531
792	3196
792	3302
792	2879
792	3247
793	853
793	2861
793	2005
793	2442
793	1995
794	3320
794	3023
794	2302
795	1352
795	2882
795	2923
796	1680
796	2116
796	3162
796	1443
796	3415
797	2347
797	3273
797	921
797	2807
798	2515
798	2764
798	1822
798	2151
799	2254
799	2906
799	1580
800	1759
800	3305
800	3237
801	2334
801	2720
801	1506
801	2700
801	3192
802	3374
802	1053
802	1004
802	2740
802	1328
802	3134
803	3011
803	2967
803	1468
803	1717
804	1686
804	995
804	3357
804	1372
805	870
806	3322
806	994
806	1422
806	1428
806	2886
806	896
807	1179
807	1860
807	3406
807	1698
808	2656
808	1952
808	1490
808	1626
808	1644
809	1173
809	2646
809	3395
809	1486
810	1414
810	879
810	972
810	1041
811	3250
811	1550
811	3297
811	1598
811	2654
812	3346
812	1997
812	1240
812	1996
812	2270
813	2070
813	1604
813	3277
813	874
813	3144
814	3125
814	2566
814	3317
814	1918
814	1557
815	3219
815	1259
815	2416
815	2368
815	1375
816	3408
816	2442
816	2289
816	1495
816	3014
817	3156
817	2151
817	1199
817	2727
817	3033
818	1315
818	1348
818	1271
818	1376
818	2687
819	1710
819	2979
819	1795
819	2689
820	2221
820	1779
820	2816
820	922
820	3253
821	1530
821	2911
821	970
821	1521
822	3282
822	2877
822	1206
822	1951
823	2218
823	3313
824	2059
824	3340
824	3186
824	1155
824	2010
824	3296
825	2321
825	828
825	1735
825	1024
825	1205
826	2210
826	2418
826	1889
826	2795
826	1287
827	3061
827	3059
827	3349
828	2321
828	1945
828	1038
828	1024
829	2127
829	2940
829	2937
829	1386
829	2871
830	3404
830	2009
830	2946
830	2162
831	2655
831	1872
831	2942
831	2207
831	2351
832	1115
832	2111
832	2601
832	2110
832	2500
833	3175
833	1474
833	1615
833	846
833	3183
834	1741
834	3326
834	2685
834	2183
835	1437
835	1366
835	1422
835	2886
835	2002
836	2846
836	3350
836	2793
836	1806
836	2263
837	3241
837	1924
837	1646
837	2045
838	2396
838	2167
838	1936
839	1705
839	3248
839	2978
840	1903
840	2691
840	2619
840	2569
840	3012
841	1280
841	2259
841	2641
841	2098
842	2216
842	1890
842	1575
842	1006
843	991
843	1914
843	2875
844	1954
844	1848
844	1103
844	1323
844	2018
844	3197
845	1139
845	1567
845	2039
845	908
845	1070
846	2668
846	1615
846	3183
846	3098
847	3022
847	2639
847	2076
847	929
847	1553
848	1483
848	2257
848	3245
848	1104
848	967
849	3174
849	2348
849	1843
849	3300
850	2458
850	2412
850	2612
851	2668
851	1415
851	2530
851	2736
852	1096
852	2828
852	860
852	1180
852	2483
853	2273
853	2510
853	2861
853	2005
853	2929
854	1040
854	1135
854	3214
854	877
854	1556
854	3153
855	966
855	2066
855	2188
855	2637
855	2554
855	3318
856	2589
856	3343
856	2775
857	1278
857	1379
857	2694
857	2460
857	2338
857	2468
858	1304
858	946
858	3151
858	1621
858	945
858	3088
859	1419
859	3091
859	3409
859	2815
859	3290
859	2075
860	1180
860	2483
860	2813
860	3055
860	3127
861	2927
861	1089
861	1196
861	2660
862	2711
862	2150
862	1780
862	3322
862	1003
862	994
863	2050
863	2663
863	3414
863	3017
863	1307
864	2526
864	2434
864	2678
864	2976
864	1197
864	1436
865	1008
865	1342
865	2822
865	2113
866	1204
866	3200
866	1098
867	2950
867	1707
867	2667
867	3027
867	2923
868	1733
868	2631
868	1708
868	3240
869	3209
869	2513
870	1877
870	3101
871	3100
871	1320
871	2132
872	956
872	2640
872	2171
872	3007
872	1665
872	3319
873	2144
873	1234
873	2599
873	1634
873	2090
873	2332
874	1710
874	3277
874	3303
874	2979
874	3144
875	1695
875	2716
875	2102
875	2474
875	2966
876	919
876	2980
876	2986
876	977
876	1448
877	1040
877	2769
877	1556
877	2471
878	2518
878	2516
878	2685
878	1288
879	2070
879	2596
879	1041
880	2735
880	1222
880	2622
881	934
881	2307
881	2335
881	2240
882	1074
882	2347
882	3082
882	2422
882	921
882	2903
883	1891
883	3302
883	1671
884	1727
884	1407
884	1096
884	2415
884	1150
884	1180
885	2862
885	2079
885	1080
885	1336
885	3074
885	1745
886	2499
886	1633
886	2286
886	1151
887	1368
887	1421
887	2364
887	2831
888	1327
888	1995
888	2785
888	1223
889	2174
889	1470
889	3258
889	901
889	3106
889	2358
890	1729
890	2133
890	1706
890	2033
891	2224
891	2327
892	2340
892	2021
892	2315
892	3191
892	1210
892	1054
893	1069
894	1039
894	2476
894	931
894	1968
894	1513
895	3115
895	1289
895	2137
895	3123
895	1488
896	3322
896	2447
896	1428
896	2887
897	2264
897	1337
897	2991
897	2978
897	1627
898	2974
898	2100
898	1256
898	2615
898	2947
899	2936
899	1641
899	2002
899	1827
899	2485
900	1344
900	1124
900	2558
900	3189
900	1108
901	2515
901	2764
901	3106
901	2358
902	1298
902	1660
902	2433
902	2502
902	1036
902	1229
903	2915
903	1568
903	1297
904	1299
904	1977
904	2801
904	924
904	2343
904	1125
905	1077
905	2860
905	3053
905	1981
906	1315
906	1812
906	1271
906	940
906	1237
907	2574
907	2604
907	2507
907	2635
907	2247
908	1567
908	1070
908	3086
908	1331
909	1952
909	2470
909	1965
909	1757
910	1024
910	1360
910	2999
911	1152
911	3325
911	2665
911	2537
911	2329
912	2685
912	2316
913	2576
913	1669
913	1964
914	2834
914	2546
914	2041
914	3060
914	2752
914	2237
915	1589
915	2910
915	2373
915	3375
915	1100
916	2095
916	1144
916	2585
916	2911
916	2928
917	2788
917	1566
917	2107
917	1766
917	3310
918	2640
918	2205
918	1665
918	1629
918	2651
918	2149
919	3150
919	2980
919	2986
920	1547
920	1398
920	3025
920	2026
921	2347
921	2903
921	968
921	2807
922	1779
922	1156
923	1356
923	2866
923	1503
923	2490
923	1480
924	2801
924	1034
924	2101
924	3112
924	1125
925	1904
925	2913
925	1901
925	2591
925	1511
926	2278
926	3008
926	2110
926	2526
926	2678
927	2147
927	1731
927	2121
927	1177
927	2594
927	1862
928	3400
928	2953
928	1068
928	1683
929	2639
929	1118
929	1553
930	3038
930	3081
930	1242
930	1073
931	1113
931	942
931	2476
932	1072
932	1256
932	2732
933	2178
934	2307
934	1670
934	3216
934	1143
935	1366
935	2410
935	2150
935	994
935	1422
936	2118
936	1369
936	2840
936	1907
936	2250
937	1154
937	985
937	3155
937	2337
938	955
938	3021
938	2602
938	2940
939	2485
939	3367
939	1842
939	958
940	1315
940	1049
941	1176
941	3396
941	1139
941	1365
941	2291
941	2194
942	1122
942	2106
942	2554
942	2476
943	1117
943	1700
943	2960
944	3316
944	1090
944	1879
944	1188
945	1304
945	3184
945	3088
945	1162
946	2457
946	3223
946	3151
946	1621
946	1745
947	2686
947	1019
947	1675
947	3201
947	1133
947	1088
948	2094
948	1434
948	3213
949	1002
949	2856
949	3181
949	3229
950	1661
950	1202
950	1377
950	3235
951	1313
951	2324
951	1005
951	3003
952	1286
952	1279
952	2581
952	2327
952	3070
953	2813
953	3055
953	3215
953	1684
953	1149
954	2114
954	1392
954	3002
955	2097
955	1576
955	3021
955	3062
956	2171
956	1395
956	3319
957	1241
957	1522
957	1643
957	2386
957	2593
957	1457
958	1842
958	3212
958	3024
959	2344
959	2306
959	1715
959	1573
959	3270
960	1678
960	1051
960	3416
960	1076
960	1940
960	2893
961	2469
961	1512
961	1145
961	2538
961	1913
962	1121
962	2570
962	1805
963	1533
963	1217
963	1089
963	2920
963	1196
964	1482
964	2613
964	3168
964	2636
965	2672
965	2821
965	1047
965	1255
965	3017
966	2637
966	2944
966	2900
966	3318
967	3245
967	3315
968	2903
968	1009
968	2807
969	1499
969	2159
969	2245
969	1863
969	1025
970	3052
970	2144
970	1521
971	3192
971	3054
971	3019
971	2403
971	1412
972	1414
972	1166
972	1041
972	2028
972	2713
973	3026
973	2798
973	2193
973	1512
973	2268
974	1939
974	1674
974	3327
974	2645
975	2372
975	1181
975	1050
975	2702
976	3331
976	2100
976	2947
976	2763
977	2825
977	2986
977	2333
978	2317
978	1974
978	2285
979	1804
979	1099
979	2276
979	2287
979	3077
980	2141
980	1824
980	1460
980	1625
980	2691
981	1091
981	2790
981	1310
981	2616
981	2682
982	3140
982	3423
982	1187
982	2684
982	2448
982	1771
983	2847
983	2224
983	1560
983	2581
984	2954
984	2004
984	2791
984	3139
984	2276
985	3155
985	2396
985	2337
986	1912
986	3309
986	1410
987	1049
987	2799
987	3071
987	1953
987	1682
988	1623
988	3178
988	2839
988	1594
988	2439
988	3120
989	2741
989	2017
989	2267
989	2389
989	2244
989	1694
990	2939
990	2016
990	1393
990	3137
990	2138
990	3173
991	3338
991	1914
992	3259
992	2664
992	1578
992	3222
993	2083
993	1613
993	1397
993	2728
993	1763
994	2150
994	3322
994	1422
995	2850
995	2863
995	1686
995	3357
996	3387
996	2805
996	3034
996	2536
996	1211
997	2099
997	3299
997	1039
997	3383
998	3391
998	1767
998	2752
998	2237
999	1132
999	1875
999	2558
999	2876
999	2029
1000	1762
1000	1893
1000	1052
1000	1970
1000	1883
1001	1045
1001	2882
1001	1830
1001	1501
1002	1213
1002	2856
1002	2606
1002	2912
1003	1780
1003	1104
1003	3322
1003	2447
1004	1328
1004	2795
1004	1287
1004	3134
1004	1516
1005	1971
1005	1313
1005	2324
1007	2081
1007	2424
1007	1978
1007	1699
1008	2280
1008	1605
1008	1342
1008	2822
1009	3161
1009	1190
1009	2807
1010	2218
1010	1055
1010	1043
1010	2085
1010	3313
1010	1012
1011	2105
1011	2818
1011	1527
1011	2675
1011	2385
1012	2085
1012	3313
1012	3297
1012	2438
1013	2298
1013	2659
1013	1501
1014	3371
1014	2261
1014	2597
1015	1941
1015	3388
1015	1389
1015	1552
1015	3165
1016	2730
1016	1461
1016	1561
1016	1066
1017	1655
1017	2837
1017	1389
1017	2383
1018	1784
1018	2163
1018	1245
1018	2055
1019	3201
1019	1088
1019	2165
1019	1518
1020	2991
1020	3402
1020	3087
1021	2305
1021	1403
1021	1140
1022	1551
1022	2409
1022	3105
1022	1563
1022	1048
1023	1746
1023	3050
1023	2408
1023	1647
1024	1360
1025	2245
1025	1863
1025	1466
1026	2082
1026	1345
1026	2688
1026	3028
1027	1554
1027	1356
1027	1752
1027	2930
1028	3417
1028	1303
1028	3069
1028	2970
1028	1916
1029	3271
1029	2303
1030	2969
1030	1403
1030	3263
1030	2296
1030	1232
1031	2829
1031	1920
1031	1709
1032	2888
1032	1228
1032	3158
1032	2503
1033	2627
1033	1463
1033	2231
1033	1854
1034	2801
1034	3135
1034	1636
1034	2122
1034	2101
1035	1512
1035	2268
1035	1105
1035	2048
1035	1775
1035	2538
1036	1298
1036	2135
1036	1260
1036	1229
1036	1810
1037	1466
1037	3283
1038	1171
1038	2311
1038	3272
1038	2321
1038	1945
1039	3299
1039	1513
1039	3045
1040	1135
1040	1944
1040	1283
1040	2769
1041	2713
1041	1107
1042	1662
1042	2472
1042	2960
1042	3355
1042	3411
1042	2318
1043	1055
1043	2175
1043	2085
1044	2780
1044	1750
1044	2208
1044	3374
1044	3240
1045	2011
1045	1651
1046	3202
1046	3393
1046	1637
1046	1933
1047	2821
1047	1877
1047	2337
1048	1563
1048	2590
1049	1953
1049	1669
1050	1138
1050	1181
1050	2702
1051	1076
1051	2409
1051	1563
1051	1940
1052	2997
1052	2073
1052	1970
1052	3118
1052	1883
1053	2780
1053	3374
1053	2025
1053	2740
1054	2315
1054	1210
1054	1204
1054	2881
1054	3200
1055	2731
1055	2218
1055	2175
1056	2464
1056	1200
1056	1142
1056	2725
1057	2994
1057	2240
1057	1782
1057	2420
1057	2281
1057	2331
1058	3126
1058	1083
1058	1438
1058	1064
1058	3220
1059	2323
1059	2754
1059	3001
1060	1693
1060	1852
1060	1385
1060	1584
1060	1425
1061	3119
1061	3088
1061	1468
1061	3097
1062	2328
1062	3362
1063	1251
1063	2316
1063	2374
1063	2322
1064	2274
1064	3126
1064	1184
1065	3066
1065	2950
1065	3076
1065	3027
1066	1561
1066	3226
1066	1267
1067	1481
1067	2455
1067	1774
1068	1730
1068	1899
1068	1510
1069	1524
1069	2313
1070	2039
1070	1818
1071	2768
1071	2625
1071	3401
1071	3203
1072	1256
1072	2615
1072	2984
1072	2058
1073	3130
1073	2115
1073	3081
1073	2642
1074	1504
1074	1523
1074	2347
1074	3082
1075	3261
1075	2959
1075	1943
1075	1560
1076	1678
1076	1857
1076	2407
1076	2409
1077	2937
1077	2860
1077	1744
1078	2498
1078	1719
1078	2971
1078	3304
1079	1367
1079	3369
1079	2326
1080	2862
1080	1756
1080	2592
1080	3074
1081	1463
1081	1690
1082	1399
1082	1291
1082	1131
1082	2779
1082	2864
1082	2749
1083	1207
1083	3126
1083	3064
1083	1438
1084	2375
1084	3284
1085	3408
1085	3083
1085	1495
1086	2873
1086	1168
1086	2603
1086	3169
1086	3340
1087	1826
1087	2832
1087	2608
1087	1364
1087	2326
1087	3160
1088	2919
1088	1133
1088	1518
1089	2920
1089	1196
1089	1937
1089	2660
1090	1627
1090	1188
1091	2146
1091	3291
1091	1701
1091	2790
1091	1310
1092	1751
1092	2738
1092	2089
1092	3303
1093	2577
1093	1185
1093	1529
1093	1219
1093	2077
1093	2506
1094	3013
1094	1813
1094	1586
1094	1246
1094	2977
1095	1841
1095	1351
1095	2492
1095	1492
1096	2415
1096	2828
1096	1180
1097	1451
1097	1676
1097	2226
1097	1505
1097	1837
1097	3177
1098	3200
1098	3321
1098	1725
1098	2618
1099	1804
1099	2682
1099	2874
1099	2952
1099	2287
1100	1756
1100	2910
1100	2592
1101	2060
1101	1612
1101	2262
1101	2288
1101	2405
1102	2540
1102	3118
1102	1632
1102	1749
1102	1415
1103	1509
1103	2220
1103	1954
1103	3199
1103	1848
1104	1244
1104	1780
1104	1483
1105	2048
1105	1401
1105	2538
1105	1350
1105	2239
1106	1901
1106	1511
1106	1984
1106	2419
1106	2074
1106	2756
1107	2713
1107	3277
1107	2089
1107	1406
1108	1124
1108	1864
1108	3189
1108	3043
1109	1773
1109	1347
1109	1401
1109	1672
1109	1350
1110	1655
1110	2383
1111	3256
1111	1442
1111	1861
1112	2833
1112	1624
1112	1881
1112	2388
1112	2949
1112	2535
1113	3386
1114	1203
1114	2051
1114	3260
1114	3125
1115	3001
1115	3342
1115	2601
1116	3219
1116	1275
1116	1944
1116	2416
1117	1651
1117	1700
1117	3211
1118	2785
1119	1631
1119	1394
1119	3051
1119	2851
1120	1802
1120	1243
1120	2181
1120	2782
1120	1201
1120	2480
1121	2951
1121	1380
1121	1805
1122	2996
1122	2300
1122	2106
1123	3392
1123	1378
1123	3207
1123	1191
1123	2086
1124	2595
1124	1344
1124	1864
1125	2343
1125	3112
1125	2401
1126	1973
1126	1713
1126	2907
1126	2849
1127	1884
1127	3114
1127	1508
1127	2359
1128	1802
1128	2201
1128	2722
1128	1201
1129	1902
1129	2564
1129	3180
1130	2192
1130	3275
1130	2844
1130	1885
1130	2161
1131	1399
1131	2749
1131	2408
1131	3048
1131	2350
1132	1875
1133	2686
1133	2919
1133	2435
1134	3039
1134	2246
1134	2622
1134	2614
1134	2695
1134	3232
1135	3278
1135	1283
1135	3214
1136	1824
1136	2437
1136	2341
1136	1625
1137	2862
1137	3337
1137	1756
1137	2910
1137	3419
1138	1181
1138	1445
1138	1590
1139	1567
1139	1365
1139	2291
1140	1762
1140	1403
1140	2360
1141	3198
1141	2715
1141	2870
1142	2759
1142	1362
1142	3353
1143	3216
1143	3141
1144	1818
1144	2095
1144	2376
1144	2911
1145	2469
1145	2965
1145	3413
1145	1913
1146	3111
1146	3424
1146	2028
1146	2713
1146	1406
1146	3329
1147	2674
1147	1743
1147	1192
1147	1640
1147	3195
1148	1280
1149	1727
1149	2220
1149	3055
1149	3199
1150	1727
1150	1407
1150	1558
1150	1509
1150	2220
1151	3282
1151	2877
1151	2499
1151	1633
1152	3325
1152	3171
1152	2136
1153	2459
1153	2621
1153	1456
1153	2253
1153	1960
1154	1324
1154	1668
1154	3155
1155	2059
1155	1288
1155	3296
1155	2322
1156	1540
1156	2809
1157	1228
1157	2646
1157	1486
1157	3117
1157	3057
1157	2704
1158	2438
1158	1607
1158	1623
1158	2143
1158	2439
1159	1800
1159	2977
1159	2525
1159	2825
1159	2986
1160	1649
1161	1603
1161	2134
1161	2468
1161	2548
1161	1449
1161	1788
1162	3288
1162	1304
1162	3184
1162	1391
1162	3078
1163	3020
1163	2056
1164	1711
1164	3332
1164	2962
1164	1611
1165	1307
1165	1933
1165	2432
1165	1536
1165	2279
1166	2966
1166	1414
1166	2015
1166	2028
1167	1798
1167	3316
1167	1742
1167	3348
1167	2105
1167	1654
1168	2603
1168	3169
1169	1219
1169	2506
1169	2707
1169	1400
1170	2269
1170	3131
1170	3190
1171	3385
1171	1378
1171	3272
1171	1945
1171	3207
1172	3265
1172	2017
1172	1982
1172	1694
1173	1382
1173	1579
1173	2543
1173	3395
1174	2944
1174	2900
1174	3253
1174	2484
1174	1528
1175	1751
1175	2738
1175	3224
1175	1828
1176	3396
1176	2291
1176	1860
1176	2512
1177	2121
1177	3217
1177	1862
1177	1915
1178	2310
1178	2997
1178	1989
1178	1883
1179	2925
1179	3396
1179	1860
1180	1727
1180	3055
1181	1747
1181	1445
1182	3068
1182	1994
1182	2480
1183	2655
1183	1743
1183	1811
1183	1455
1183	2445
1183	3255
1184	1533
1184	1217
1184	2167
1185	1712
1185	3040
1185	1219
1185	2077
1185	2229
1186	2905
1186	3225
1186	1871
1187	1390
1187	3140
1187	1650
1187	2684
1187	2762
1188	1879
1188	1716
1188	2820
1189	2778
1189	3076
1189	1609
1189	1570
1190	3332
1190	2807
1190	2362
1191	2698
1191	3392
1191	2818
1191	2086
1192	2859
1192	2674
1192	1743
1192	1811
1193	2333
1194	3378
1194	2567
1194	1538
1194	1235
1195	2453
1195	2802
1195	3387
1195	3146
1195	3294
1196	2817
1196	2927
1197	2976
1197	1436
1197	1965
1197	2153
1198	1236
1198	2030
1198	1778
1198	1924
1199	2151
1199	3033
1199	1947
1200	2464
1200	1737
1201	1802
1201	2283
1201	2181
1202	2023
1202	1661
1202	2393
1202	1300
1202	3235
1203	3276
1203	2051
1204	2315
1204	3200
1205	1735
1205	2266
1206	2473
1206	3037
1206	1951
1207	2728
1207	1763
1207	1438
1208	2006
1208	2511
1209	2668
1209	2736
1209	3098
1209	1224
1209	2712
1209	2941
1210	3191
1210	1383
1210	1777
1210	2881
1211	3387
1211	2536
1211	1458
1212	2099
1212	2342
1212	2065
1212	3291
1212	1701
1213	1541
1213	2445
1213	2856
1213	2606
1214	2885
1214	2690
1214	2739
1214	1640
1214	2742
1214	3195
1215	2418
1215	1287
1215	1721
1215	1516
1215	1441
1215	3298
1216	2299
1216	3142
1216	2662
1216	2399
1217	1533
1217	2167
1217	2508
1217	2920
1218	1241
1218	3372
1218	2304
1219	3040
1219	2506
1220	2853
1220	3369
1220	1433
1220	3160
1220	2744
1220	1834
1221	1740
1221	2031
1221	2394
1221	1358
1221	2572
1222	3039
1222	2622
1223	1979
1223	2135
1224	2736
1224	2712
1224	1859
1225	2530
1225	1930
1225	2037
1225	2522
1226	3426
1226	2241
1226	1231
1226	2924
1226	2170
1227	1254
1227	3073
1227	2657
1227	2249
1227	1285
1228	2888
1228	1486
1228	2503
1228	3057
1229	2027
1229	2433
1229	1810
1229	1292
1230	2653
1230	1513
1230	2484
1230	2413
1230	3045
1231	3352
1231	2241
1231	2170
1231	3238
1231	2922
1232	1874
1232	3263
1232	2549
1232	2296
1232	2776
1233	2034
1233	1999
1233	1724
1233	2673
1233	2789
1234	3052
1234	2144
1234	2570
1234	2332
1235	1281
1235	2797
1235	1538
1235	2775
1236	2155
1236	1744
1236	1778
1237	1812
1237	1271
1237	2139
1237	1531
1238	2200
1238	2008
1239	1474
1239	2353
1239	1335
1239	1749
1239	1615
1240	3346
1240	3324
1240	2916
1240	3120
1240	2270
1241	1643
1241	3372
1241	2304
1241	2386
1242	2913
1242	2001
1242	2145
1242	3081
1243	1994
1243	2782
1243	2480
1243	1296
1244	1556
1244	1814
1244	2471
1244	1780
1244	1483
1245	2163
1245	2092
1245	1677
1246	2833
1246	1586
1246	2977
1247	2425
1247	2971
1247	1648
1247	1442
1248	2998
1248	2074
1248	2756
1248	1276
1248	1450
1248	1714
1249	1836
1249	2036
1249	2411
1249	1465
1250	1910
1250	2361
1250	2996
1250	3358
1250	2300
1250	3343
1251	1880
1251	1320
1251	2374
1252	2356
1252	1459
1252	1865
1252	3058
1252	2906
1252	1580
1253	1399
1253	1912
1253	1291
1253	3050
1254	2136
1254	2657
1254	1653
1255	2821
1255	3414
1255	3017
1255	1736
1255	1469
1256	2974
1256	2615
1256	2732
1257	2954
1257	3299
1257	2653
1257	1673
1257	3045
1257	3139
1258	1592
1258	1453
1258	1823
1258	2829
1258	2827
1259	3288
1259	3219
1259	2972
1259	3078
1260	2135
1260	2047
1260	1810
1261	1317
1261	1862
1261	1915
1261	3113
1261	1477
1262	1917
1262	2191
1262	1297
1262	3221
1262	3405
1262	1338
1263	2892
1263	1878
1263	2166
1264	3061
1264	2551
1264	1639
1264	3254
1264	2973
1265	2356
1265	2716
1265	3336
1265	2305
1265	3058
1265	2102
1267	3226
1267	1909
1267	2872
1267	1835
1268	1895
1268	1820
1268	2955
1268	2600
1268	2227
1269	2392
1269	2727
1269	1324
1269	1966
1269	2953
1270	1316
1270	2519
1270	2848
1270	2865
1270	2196
1271	1315
1271	1376
1271	1531
1272	3254
1272	3421
1272	2789
1273	1617
1273	2891
1273	3149
1273	1311
1274	2817
1275	3288
1275	1304
1275	3219
1275	3151
1276	1353
1276	2074
1276	1714
1277	3039
1277	2246
1277	3108
1277	3422
1278	2694
1278	1720
1278	2134
1278	1801
1278	2468
1279	1286
1279	3389
1279	3070
1279	2850
1280	2259
1281	2797
1281	1538
1282	1316
1282	2848
1282	1407
1282	2634
1282	1983
1282	1558
1283	1944
1283	3149
1284	1571
1284	2080
1284	2552
1284	1420
1284	2013
1285	2344
1285	2657
1285	1659
1285	2249
1285	3279
1286	1789
1286	3389
1286	3097
1287	2418
1287	2795
1287	1516
1288	2059
1288	2516
1289	2387
1289	3123
1289	1488
1290	1759
1290	3251
1290	1628
1290	2084
1291	1399
1291	2544
1291	2779
1292	2027
1292	1810
1292	3293
1292	1869
1293	2813
1293	2895
1293	1359
1293	3215
1293	3127
1294	1554
1294	2930
1294	2774
1294	2718
1294	1754
1295	1323
1295	2265
1295	1978
1295	1846
1295	2024
1296	2782
1296	1462
1296	1579
1297	1917
1297	1568
1297	3221
1298	1979
1298	2502
1298	2135
1299	2049
1299	1696
1299	1977
1299	2343
1300	2393
1300	2493
1300	3235
1300	2169
1301	2585
1301	1435
1301	1999
1301	2928
1302	2683
1302	3328
1302	3244
1302	2878
1303	2611
1303	2778
1303	3417
1303	3069
1303	1609
1304	3288
1304	3151
1305	2582
1305	1417
1305	1373
1305	2260
1306	1581
1306	2597
1306	3226
1307	2663
1307	1933
1307	2432
1308	2488
1308	2646
1308	2459
1308	3376
1308	2704
1309	2890
1309	1914
1309	2093
1310	2146
1310	3409
1310	2256
1310	2616
1311	1617
1311	2891
1311	1469
1312	1955
1312	1882
1313	1971
1313	2466
1314	1396
1314	2085
1314	2234
1314	2143
1315	2687
1316	2519
1316	2848
1316	1407
1316	2415
1317	1318
1317	2594
1317	1862
1318	3380
1318	2576
1318	2594
1319	1484
1319	1566
1319	1920
1319	2107
1320	2023
1320	1880
1321	2179
1321	1392
1321	1656
1321	3176
1322	3000
1322	2983
1322	3107
1323	1954
1323	2024
1323	3197
1324	2727
1324	3033
1324	1668
1325	2926
1325	1882
1326	2003
1326	3371
1326	2435
1326	2737
1327	2527
1327	2005
1327	2046
1327	1995
1327	2785
1328	2740
1328	1516
1329	1849
1329	1338
1329	1797
1329	2917
1329	2812
1330	1374
1330	3218
1330	2233
1331	2958
1331	3086
1331	2164
1331	2951
1332	2026
1332	2496
1332	2505
1332	3165
1332	1712
1333	3301
1333	3312
1333	1346
1334	2818
1334	3231
1334	2086
1334	3145
1334	2675
1335	2353
1335	2420
1335	2281
1335	2073
1336	2079
1336	2275
1336	3223
1336	1745
1337	3248
1337	2991
1337	2978
1338	2191
1338	3405
1338	1797
1338	2812
1339	2051
1339	2391
1339	2306
1339	1715
1340	2788
1340	1566
1340	2819
1340	1500
1340	3190
1341	2621
1341	1960
1341	2909
1341	2318
1343	2907
1343	2307
1343	2335
1343	2436
1343	2354
1344	2595
1344	1518
1345	1772
1345	2384
1345	3252
1345	3028
1346	2340
1346	3191
1346	3365
1347	1773
1347	2604
1348	1376
1349	1935
1349	2849
1350	1401
1350	1672
1350	2239
1351	2553
1351	1841
1351	2371
1351	1873
1351	1492
1352	2923
1352	3211
1353	3250
1353	3289
1353	2294
1353	1714
1354	2427
1354	1928
1355	2539
1355	3108
1355	3422
1355	3085
1355	2473
1356	2866
1356	1752
1357	2339
1357	3138
1357	3269
1357	2320
1358	2394
1358	3345
1358	3327
1358	1681
1358	2572
1359	1829
1359	2895
1360	2571
1360	2999
1361	2933
1361	2694
1361	1894
1361	3279
1361	2460
1362	1402
1362	3353
1362	2992
1362	2053
1363	1704
1363	1439
1363	3156
1363	1809
1364	3164
1364	2832
1364	3160
1364	2428
1364	2744
1365	2875
1365	2194
1366	1437
1366	1422
1367	2853
1367	3369
1367	1631
1367	2851
1368	2122
1368	2101
1368	1421
1368	2055
1369	2118
1369	2350
1369	1844
1369	2250
1370	2283
1370	2181
1370	3287
1370	2931
1370	2248
1371	2375
1371	3123
1372	3357
1372	3201
1373	2626
1373	1734
1373	2735
1374	1610
1374	3218
1375	2368
1375	2185
1375	1454
1375	1652
1376	2478
1376	1531
1377	1723
1377	1661
1378	3385
1378	3207
1379	1659
1379	1900
1379	2460
1379	2338
1379	3270
1380	2164
1380	3052
1380	2951
1380	1521
1381	1931
1381	1546
1381	1504
1381	1523
1382	1579
1382	3395
1383	3191
1383	3365
1383	1777
1383	2470
1384	3421
1384	2968
1384	2399
1385	1852
1385	2406
1385	3143
1385	1425
1385	1985
1386	2940
1386	2155
1386	2937
1386	2726
1386	1744
1387	3265
1387	1892
1387	2382
1387	1934
1387	3103
1388	2935
1388	1870
1388	2567
1388	2956
1388	1605
1389	1941
1390	2874
1390	2671
1390	3140
1390	1650
1391	3184
1391	2863
1391	1635
1391	3078
1392	1656
1392	2964
1392	3002
1393	2016
1393	3412
1393	3173
1393	3075
1394	1631
1395	1691
1395	3319
1396	2602
1396	2726
1396	2234
1397	1763
1397	3384
1398	1547
1398	2854
1399	3050
1399	2408
1400	2707
1400	1764
1400	2057
1401	1773
1401	2048
1401	3067
1402	2721
1402	1975
1402	2053
1403	2969
1404	1932
1404	2184
1404	1939
1404	1674
1405	1988
1405	3168
1405	1977
1405	2801
1405	3135
1406	2713
1406	2089
1406	3329
1407	2415
1407	1558
1408	1529
1408	3035
1408	2506
1408	2491
1408	2707
1408	1514
1409	2450
1409	3354
1409	2703
1409	3154
1410	2544
1410	3309
1410	2533
1410	2771
1411	1540
1411	2204
1411	3427
1411	2777
1412	3019
1412	2456
1412	3283
1412	2403
1413	2488
1413	1958
1413	3395
1413	3239
1414	2966
1414	2918
1415	1632
1415	1749
1415	2530
1416	2295
1416	1447
1416	1758
1416	2187
1416	3043
1417	3311
1417	2652
1417	2582
1417	2647
1418	2943
1418	2518
1418	2709
1419	3056
1419	2242
1419	2431
1419	3091
1419	3290
1420	1620
1420	2638
1420	2080
1420	2552
1421	2680
1421	2101
1421	3112
1421	2364
1422	2886
1423	2217
1423	2693
1423	2828
1423	2395
1423	1769
1424	2277
1424	2719
1425	2258
1425	3143
1425	1584
1425	2692
1426	2154
1426	2550
1426	3243
1426	3307
1426	1559
1427	3132
1427	2525
1427	2512
1427	2825
1428	3163
1428	2936
1428	2886
1428	2887
1429	1692
1429	2345
1429	2227
1429	2390
1429	1591
1430	2222
1430	3206
1430	2142
1430	3004
1430	3233
1431	1535
1431	1767
1431	2753
1431	1696
1432	2309
1432	1863
1432	2700
1432	1466
1432	3019
1432	3283
1433	2853
1433	2421
1433	1834
1434	2094
1434	2404
1434	2278
1435	3167
1435	1999
1435	1724
1436	2678
1436	3147
1436	2153
1436	3020
1437	1741
1437	2183
1438	1807
1438	3220
1439	1704
1439	2358
1440	2787
1440	3362
1440	1956
1441	1721
1441	2632
1441	2381
1441	3298
1442	2425
1442	1861
1443	2116
1443	3267
1443	2772
1443	3415
1444	1471
1444	2834
1444	3391
1444	2752
1445	1747
1445	1590
1446	2780
1446	1482
1446	2208
1446	2189
1446	2282
1447	2537
1447	2295
1447	2677
1447	1758
1448	2980
1448	1796
1449	2134
1449	1788
1449	2040
1450	2003
1450	2998
1450	1714
1451	3382
1451	1676
1451	1505
1451	3146
1451	3063
1452	2489
1452	2016
1452	2165
1452	3412
1453	2557
1453	1592
1453	3054
1453	2827
1454	2185
1454	1652
1454	2197
1454	2823
1455	2655
1455	1739
1455	1811
1456	2459
1456	3376
1456	2253
1456	3036
1457	2386
1457	2593
1457	3093
1457	2014
1457	2454
1458	3049
1458	2195
1458	2097
1459	2356
1459	2820
1459	1580
1460	2658
1460	2141
1460	1824
1460	2963
1460	1667
1461	2730
1461	1581
1461	1598
1461	2294
1462	2782
1462	1534
1462	1579
1462	2543
1463	2627
1464	3314
1464	2226
1464	1837
1464	2157
1465	3177
1465	1961
1465	2562
1466	1863
1466	3283
1467	3128
1467	1596
1468	1789
1468	1717
1468	3097
1469	1617
1469	2821
1469	1736
1470	2174
1470	3430
1470	3205
1470	2358
1471	2708
1471	2290
1471	2630
1472	2397
1472	3251
1472	2084
1473	2075
1473	2444
1473	2256
1473	3399
1473	1622
1474	3175
1474	2353
1474	1615
1475	2277
1475	3348
1475	2698
1475	2719
1475	2710
1475	1654
1476	2443
1476	2232
1476	2203
1476	1832
1477	3113
1477	1948
1478	2082
1478	2985
1478	2619
1478	2142
1478	3012
1479	1768
1479	3103
1479	1808
1479	1870
1479	3410
1479	3378
1480	2035
1480	2866
1480	1503
1481	1774
1481	3337
1482	2282
1482	2613
1482	2636
1483	2471
1483	3403
1483	2257
1484	2119
1484	2827
1484	1920
1485	2545
1485	2414
1485	1908
1485	2883
1485	2497
1485	2123
1486	2888
1486	2646
1487	3104
1487	1931
1487	1664
1488	3115
1489	3113
1489	1602
1489	1948
1489	2019
1490	2656
1490	3321
1490	1725
1490	2158
1490	1644
1491	1618
1491	2328
1491	2787
1491	3354
1491	3154
1492	2755
1492	1873
1492	2981
1493	2483
1493	3096
1493	3127
1494	2221
1494	1779
1494	2043
1494	3092
1494	1517
1495	3408
1495	2442
1496	3044
1496	2056
1496	1813
1496	1698
1497	2087
1497	2209
1497	3349
1497	2609
1498	1787
1498	1957
1499	1867
1499	2481
1499	2245
1500	1770
1500	2819
1500	3023
1500	3190
1501	2298
1501	2659
1501	2882
1501	1830
1502	2234
1502	1778
1502	1866
1503	2490
1504	1931
1504	1523
1504	3082
1505	3177
1505	2562
1505	3063
1505	3094
1506	2334
1506	2755
1506	2219
1506	2981
1506	2720
1507	1996
1507	2270
1507	1732
1507	3047
1508	3010
1508	2359
1508	2302
1509	1558
1509	2633
1509	2220
1509	1954
1510	1703
1510	2712
1510	1859
1510	1730
1510	1899
1511	1901
1511	2591
1511	1984
1512	2268
1512	2538
1513	1968
1513	3045
1514	2491
1514	2707
1514	2199
1515	2634
1515	1983
1515	1519
1515	3379
1515	1922
1516	1721
1517	1779
1517	3084
1517	1905
1518	2595
1518	2165
1519	2503
1519	3057
1519	3379
1519	1821
1520	1539
1520	2658
1520	2222
1520	2796
1520	3206
1520	2054
1521	2164
1521	1530
1521	3052
1522	2996
1522	1643
1522	3358
1522	2593
1523	1921
1524	1595
1524	1760
1524	2157
1525	1825
1525	3373
1525	3269
1525	2693
1525	1769
1525	2320
1526	1996
1526	3047
1526	3335
1527	2675
1527	2385
1527	3249
1528	3253
1528	2484
1528	3427
1529	2577
1529	3035
1529	2506
1529	3234
1530	1818
1530	2164
1530	2911
1531	2478
1532	2665
1532	2367
1532	1991
1532	2222
1532	2796
1534	1802
1534	2201
1534	2782
1534	2942
1535	2845
1535	3413
1535	2751
1535	2753
1536	2432
1536	3153
1536	1814
1536	2711
1536	2279
1537	1657
1537	3284
1537	1544
1537	2837
1537	2072
1538	3410
1538	3378
1539	2029
1539	2063
1539	2796
1539	2054
1540	2809
1540	2699
1541	2739
1541	1640
1541	2606
1542	3261
1542	2400
1543	2729
1543	3382
1543	1676
1544	1655
1544	2837
1544	2072
1545	2639
1545	2569
1545	2076
1545	1688
1545	2520
1546	3104
1546	2497
1546	2123
1546	1931
1547	2854
1547	3388
1547	2026
1548	2766
1548	1790
1548	2696
1549	3007
1549	3193
1549	1564
1549	2523
1550	2730
1550	2705
1550	1598
1550	2654
1550	3116
1551	2425
1551	2528
1551	3105
1552	2465
1552	2505
1552	3165
1552	2803
1553	1737
1554	1752
1554	2930
1555	2216
1555	3122
1555	3356
1555	1890
1555	1755
1556	3153
1556	1814
1556	2471
1557	2566
1557	2680
1557	2401
1558	1983
1558	2633
1559	3307
1559	1722
1560	2959
1560	2847
1560	1943
1561	2352
1562	1905
1562	2565
1562	2325
1562	1619
1563	2409
1563	2590
1564	2901
1564	3015
1564	3193
1564	2523
1565	2060
1565	1790
1565	2696
1566	2788
1566	2107
1567	3132
1567	2291
1567	3086
1568	2773
1568	3095
1568	3221
1569	3210
1569	2934
1569	3183
1569	3098
1569	2941
1569	3179
1570	2778
1570	2482
1570	1955
1571	2013
1571	3243
1572	3294
1572	3063
1572	2195
1572	3094
1572	1576
1572	3347
1573	3018
1573	2344
1573	2249
1574	2160
1574	2325
1574	2371
1574	1873
1574	2078
1575	1890
1575	2452
1575	2233
1576	2195
1576	2097
1576	3062
1576	3347
1577	3114
1577	2359
1577	2583
1577	1786
1578	2664
1578	2440
1578	2232
1578	3222
1578	2370
1579	2543
1580	2820
1580	2906
1581	3289
1581	2294
1582	1730
1582	2455
1583	3394
1583	2011
1583	3420
1584	1693
1584	2692
1585	2336
1585	3267
1585	2967
1586	2833
1586	3013
1586	2706
1586	1881
1587	2382
1587	1934
1587	3394
1588	2253
1588	3036
1588	3361
1588	2531
1588	3364
1589	2768
1589	2910
1589	3419
1589	3390
1589	2373
1590	3087
1591	1820
1591	2227
1591	2390
1591	2549
1592	2557
1592	1823
1593	2770
1593	3150
1593	2980
1593	2000
1593	1796
1593	1986
1594	2916
1594	2839
1594	1608
1594	3120
1595	3133
1595	3314
1595	1760
1595	2157
1596	3128
1597	2681
1597	2546
1597	2398
1597	3060
1597	1907
1597	2250
1598	2730
1598	3250
1598	2294
1599	1789
1599	1943
1599	1717
1600	2130
1600	2427
1601	3185
1601	2228
1601	2835
1601	2417
1601	2426
1602	2724
1602	1915
1602	3113
1603	3334
1603	2338
1603	2468
1603	2548
1603	2990
1604	2070
1604	2733
1604	1930
1604	3144
1605	2567
1605	2956
1605	2280
1606	1731
1606	2734
1607	2705
1607	2438
1607	2654
1607	1623
1607	3324
1608	3164
1608	2916
1608	2428
1609	3068
1609	2778
1609	3069
1609	3076
1611	2504
1611	3332
1611	2962
1612	2214
1612	2262
1612	3009
1613	2083
1613	1947
1613	2728
1614	2235
1614	3124
1614	2935
1614	2379
1615	1749
1616	2041
1616	2126
1616	2237
1616	2238
1617	1736
1617	3149
1618	2328
1618	2896
1618	3354
1619	2325
1619	2809
1619	2644
1620	1658
1620	2638
1620	2552
1620	1845
1621	3074
1621	1745
1621	3119
1621	3088
1622	3399
1622	2044
1622	2631
1622	1791
1623	3324
1623	2439
1623	3120
1624	1919
1624	2717
1624	2858
1624	1881
1624	2388
1625	1824
1625	2341
1625	2691
1625	1688
1626	3204
1626	1644
1626	1919
1626	2706
1627	2264
1627	2991
1628	3333
1628	2402
1628	1759
1628	1726
1628	3251
1629	2640
1629	3170
1629	3225
1629	2149
1629	2542
1630	3161
1630	2125
1630	3129
1631	2851
1632	2540
1632	1685
1632	2530
1632	2037
1633	3282
1633	2286
1634	2144
1634	2599
1634	2662
1634	2989
1635	2972
1635	2863
1635	1686
1635	3078
1635	3344
1636	2020
1636	2610
1636	3268
1636	3135
1636	2122
1637	3393
1637	3016
1637	1831
1638	2449
1638	1948
1638	2627
1638	1854
1639	2551
1639	3254
1639	3421
1639	2968
1639	2378
1640	2739
1640	3195
1641	2462
1641	3163
1641	2936
1642	3315
1642	1904
1642	2591
1642	1787
1643	3372
1643	3358
1644	2158
1644	1919
1644	2717
1645	3157
1645	2494
1645	2679
1646	1924
1646	2045
1647	1746
1647	2408
1647	3048
1647	2670
1648	2425
1648	2971
1648	2528
1648	3304
1648	3264
1650	2671
1650	2044
1650	2762
1650	2514
1651	2011
1652	2368
1652	3403
1652	2197
1653	2657
1653	1772
1654	3348
1654	2698
1654	2105
1655	2837
1655	2383
1656	3107
1656	2964
1656	2584
1657	2837
1657	2521
1658	1819
1658	1845
1659	2344
1659	3279
1659	2460
1659	3270
1660	3366
1660	2433
1660	2502
1661	2023
1661	1723
1662	1847
1662	1958
1662	3239
1662	2472
1662	3355
1663	2430
1663	3099
1663	2842
1663	2560
1664	2548
1664	1788
1664	2852
1665	2640
1665	2205
1665	3007
1666	1720
1666	1801
1666	2243
1666	2206
1666	2676
1667	2872
1667	1835
1667	2658
1667	2963
1667	2054
1668	3033
1668	3064
1669	1953
1669	1964
1670	1935
1670	2907
1670	2307
1670	3216
1670	2849
1671	2319
1671	3302
1671	3152
1671	3247
1672	1815
1672	2701
1673	2653
1673	2758
1673	2647
1673	1888
1673	3139
1674	2184
1674	1939
1674	2645
1674	2377
1675	2686
1675	3201
1675	2115
1676	3382
1676	2226
1677	2092
1677	1946
1678	3363
1678	3416
1678	2407
1679	2762
1679	3041
1679	2210
1679	1897
1679	2514
1680	2689
1680	2346
1680	3162
1680	3415
1681	3345
1681	2140
1681	3327
1681	2645
1681	2563
1682	3071
1682	1953
1683	1966
1683	2953
1683	2617
1684	3215
1684	2213
1684	1806
1685	2310
1685	2540
1685	2596
1685	2037
1686	2863
1686	3344
1687	2697
1687	2836
1687	3030
1688	2341
1688	2691
1688	2569
1689	2258
1689	3143
1689	2186
1689	2452
1690	1702
1691	3319
1692	2264
1692	2345
1692	2254
1692	2390
1693	2490
1693	1838
1694	2017
1694	2244
1694	1808
1695	2716
1695	3227
1695	2223
1696	1988
1696	2753
1696	1977
1697	2582
1697	2791
1697	1888
1697	2071
1697	2260
1697	2297
1698	1813
1698	3406
1699	1773
1699	3067
1700	3211
1700	3429
1700	2472
1700	2960
1701	3291
1701	2790
1702	2177
1703	1859
1703	1730
1703	2455
1703	1774
1703	3274
1704	2934
1704	1809
1705	3306
1705	2978
1705	2345
1706	2441
1706	2384
1706	3252
1706	1729
1706	2133
1707	2950
1707	3046
1707	2667
1708	2631
1708	2451
1708	2272
1708	3240
1709	3232
1709	1920
1709	2107
1709	3310
1710	1751
1710	3303
1710	2979
1711	2154
1711	2550
1711	2870
1712	2496
1712	2505
1712	2077
1712	2229
1713	1973
1713	1874
1713	2600
1713	2776
1714	3289
1715	2306
1715	1900
1715	3270
1716	1879
1716	2575
1716	1932
1716	2820
1717	1789
1718	3161
1718	2125
1718	3079
1718	1851
1718	3157
1719	2498
1719	3304
1719	1976
1719	2988
1720	2933
1720	2694
1720	1801
1721	2632
1722	3037
1722	2129
1723	3100
1724	1999
1724	2789
1724	2973
1725	3321
1725	2317
1725	2158
1725	2618
1726	3333
1726	2859
1726	2402
1726	2783
1726	2674
1727	2220
1727	3055
1728	3244
1728	2699
1728	2878
1728	2644
1729	3072
1729	2441
1729	3032
1730	2455
1731	2147
1731	2594
1732	1992
1732	2421
1732	3047
1732	1834
1733	2444
1734	2626
1734	2735
1734	1823
1734	2829
1735	2321
1735	2628
1735	2690
1736	3278
1736	3414
1737	2666
1738	2236
1738	2297
1738	2124
1739	2578
1739	1811
1739	2722
1740	2999
1740	2031
1740	2884
1741	1911
1741	3326
1741	2183
1742	3316
1742	3402
1742	3348
1743	1811
1743	2445
1744	2155
1744	2937
1745	3074
1745	3223
1746	2263
1746	2630
1748	1984
1748	2419
1748	2559
1750	2507
1750	2208
1750	2247
1750	3240
1751	2738
1751	3303
1752	2877
1753	3258
1753	3106
1754	2417
1754	2718
1754	2426
1755	3122
1755	3356
1755	2370
1755	3381
1756	2862
1756	2910
1756	2592
1757	3204
1757	3044
1758	2367
1758	2537
1759	3333
1759	3237
1760	3133
1761	2068
1761	2156
1761	2052
1761	2724
1761	3428
1762	2360
1762	1893
1763	2728
1763	3384
1764	2607
1764	2804
1764	2057
1764	2547
1765	1803
1765	3010
1765	3110
1765	1972
1766	2228
1766	2695
1766	2835
1766	3310
1768	2244
1768	1808
1768	1870
1769	2693
1769	2828
1769	2320
1770	3023
1770	3190
1771	3423
1771	2448
1771	2552
1771	1845
1772	2384
1773	3067
1774	2455
1774	3274
1775	2268
1775	2018
1775	2048
1775	2180
1775	3197
1776	3032
1776	2243
1776	2179
1776	3176
1777	2656
1777	1952
1777	2881
1777	2470
1778	2155
1779	2221
1780	1814
1780	2711
1781	1829
1781	2117
1781	3096
1782	2335
1782	1855
1782	2354
1782	2240
1782	2331
1783	2842
1783	2817
1783	2927
1783	3292
1784	3268
1784	2055
1785	2719
1785	2710
1785	2517
1786	3110
1786	2359
1786	1887
1786	2583
1787	1957
1787	2805
1788	2548
1788	2040
1788	2852
1789	3097
1790	2060
1790	2696
1790	2262
1791	2044
1791	2631
1791	3041
1791	2514
1791	2272
1792	2571
1792	1825
1792	1868
1792	2266
1792	3323
1793	2964
1793	2896
1793	3213
1793	3002
1794	2489
1794	3357
1795	2172
1795	2979
1795	2467
1795	3208
1796	2980
1796	1986
1797	2191
1797	1849
1797	2808
1798	3316
1798	1879
1798	2575
1798	2105
1798	2385
1799	2061
1799	2461
1799	1896
1800	3406
1800	2977
1800	2525
1801	2134
1801	2206
1802	2201
1802	2782
1803	3110
1803	3109
1803	2914
1804	2790
1804	2682
1806	2846
1806	2213
1806	2793
1807	3242
1807	3339
1807	3220
1808	3103
1808	2244
1809	2392
1809	3400
1810	3293
1812	2799
1812	2139
1813	3013
1814	3153
1814	2711
1815	2635
1815	2701
1815	2189
1815	2282
1816	3109
1816	2914
1816	2509
1816	2443
1817	3079
1817	2623
1817	1851
1817	3307
1817	2286
1818	2911
1819	2287
1819	3077
1820	1874
1820	2600
1820	2227
1820	2549
1821	3117
1821	3057
1821	2230
1821	2069
1822	2764
1823	2626
1823	2829
1824	2963
1825	1868
1825	3373
1825	2693
1826	2832
1826	2513
1826	2608
1827	2002
1827	2485
1827	3367
1827	2811
1828	3224
1828	2689
1828	2255
1828	3162
1829	3096
1830	2298
1830	2477
1831	1911
1832	2203
1832	1949
1833	2042
1833	2666
1833	2323
1834	2421
1834	2744
1835	1909
1835	2063
1835	2872
1835	2054
1836	2908
1836	2036
1837	2226
1837	3177
1838	2490
1838	3418
1839	2869
1839	2792
1839	2486
1839	2067
1840	3159
1840	3266
1840	1993
1840	2564
1841	2553
1842	2957
1842	2938
1842	3212
1843	3174
1843	3300
1843	2330
1844	2681
1844	3048
1844	2350
1844	2670
1844	2250
1845	2448
1845	2552
1846	2069
1846	2265
1846	2081
1846	1978
1847	2667
1847	1958
1847	3429
1847	2472
1848	3199
1848	2193
1848	2018
1849	3407
1849	2808
1850	3082
1850	2422
1850	2486
1850	2067
1851	3079
1851	3157
1851	2286
1852	2406
1853	2021
1854	2627
1854	2231
1854	1876
1855	2360
1855	2007
1855	2354
1855	2331
1856	2173
1856	2902
1856	3148
1856	2556
1856	2568
1857	2407
1857	2409
1857	3105
1857	2103
1858	2127
1858	2889
1858	2871
1859	2712
1859	3274
1860	3396
1860	3406
1861	2890
1861	2093
1862	2594
1862	1915
1863	2159
1863	2309
1864	3075
1864	2757
1864	3043
1865	2969
1865	3058
1865	2906
1866	2234
1866	2143
1866	3178
1866	2439
1867	2481
1868	2571
1868	2884
1868	3373
1869	2027
1869	3301
1869	2168
1870	3378
1870	2567
1871	2810
1871	1969
1872	2655
1872	3255
1872	3229
1872	2351
1873	2371
1873	2981
1873	2078
1874	2600
1874	2549
1874	2776
1875	2558
1876	2231
1876	2723
1876	2019
1876	2202
1877	2821
1877	3101
1878	1972
1878	2166
1879	3316
1879	2575
1880	2023
1880	3080
1880	2393
1881	2833
1881	1919
1881	2706
1882	2926
1883	2997
1883	1893
1883	1989
1884	2835
1884	3114
1885	2901
1885	2161
1885	3015
1886	2342
1886	3056
1886	2252
1886	2014
1887	3110
1887	2664
1887	2583
1888	2582
1888	2791
1888	2647
1888	3139
1889	3041
1889	2210
1889	2795
1889	2451
1889	2272
1890	2216
1890	2452
1891	2206
1891	2676
1891	3196
1891	3302
1892	3265
1892	2178
1892	2477
1892	1934
1893	2580
1893	1989
1894	2933
1894	3072
1894	2441
1895	2227
1896	2461
1896	2463
1896	2431
1896	3091
1897	3198
1897	2210
1897	2293
1898	2492
1898	1963
1898	2159
1899	2712
1899	2941
1899	3179
1900	3334
1900	2338
1900	3270
1901	2913
1901	2145
1901	2756
1902	3266
1902	2945
1902	2794
1902	2564
1903	3022
1903	2569
1903	3012
1903	2076
1903	2824
1904	2062
1904	3315
1904	2591
1905	3084
1905	2565
1906	2681
1906	2670
1906	2834
1906	2546
1907	2398
1907	2250
1908	2545
1908	2414
1908	3260
1908	1918
1908	3005
1909	3226
1909	2063
1910	2361
1910	2781
1910	3358
1911	2743
1911	3326
1913	2538
1913	2239
1913	2524
1915	3113
1916	2091
1916	2970
1917	2959
1917	2847
1917	3405
1918	3260
1918	3125
1918	2566
1918	3005
1919	2717
1919	2706
1920	2107
1921	2092
1921	2349
1921	2190
1922	1983
1922	2633
1922	2265
1922	2024
1923	2897
1923	2113
1923	2637
1924	3241
1924	2030
1925	2496
1925	2529
1925	2229
1926	2529
1926	3040
1927	2517
1927	2357
1928	2898
1928	2427
1928	2475
1929	2899
1929	2751
1929	1988
1929	3168
1929	2753
1930	2733
1930	2037
1930	2522
1931	3104
1932	2575
1932	3249
1932	1939
1933	3202
1933	2663
1934	2382
1934	2477
1935	2292
1935	3216
1935	2849
1936	2396
1936	2050
1936	2672
1937	2920
1937	3280
1937	2660
1937	3016
1938	2424
1938	2880
1939	3249
1940	3286
1940	1967
1940	2893
1941	2521
1941	3388
1942	3036
1942	2531
1942	2826
1942	2880
1944	2416
1944	2769
1945	3231
1945	3207
1946	2545
1946	2123
1946	2831
1947	2728
1948	3113
1949	2203
1950	2869
1950	2369
1950	2498
1950	3246
1952	2656
1952	2470
1953	1964
1954	2633
1954	2024
1955	2482
1956	3362
1956	3008
1956	3147
1957	2108
1957	2805
1958	3239
1959	2111
1959	2500
1959	3377
1959	2434
1960	2621
1960	2253
1960	2909
1960	3364
1961	2348
1961	2562
1961	2308
1961	2889
1962	2961
1962	2162
1962	3308
1963	2334
1963	2755
1963	2159
1963	2309
1965	2976
1965	2470
1966	2953
1966	2617
1967	2095
1967	3286
1967	2893
1967	2585
1968	2476
1968	2944
1968	3318
1969	2810
1970	2281
1970	2073
1970	2331
1971	2607
1971	2466
1971	2932
1972	3010
1972	2166
1973	2955
1973	2600
1974	2317
1974	2158
1974	2717
1974	2858
1974	2285
1975	2666
1975	2721
1975	2323
1976	3304
1976	2988
1976	3264
1976	3331
1977	1988
1977	2801
1978	2081
1979	2289
1979	2135
1980	2383
1980	2748
1981	3053
1981	2330
1982	2017
1982	2511
1983	2634
1983	2633
1984	2419
1985	2406
1985	3143
1985	2186
1985	2609
1986	2000
1986	2901
1987	2931
1987	2248
1987	2423
1988	3168
1988	2753
1989	2580
1989	2918
1990	3338
1990	2925
1991	2367
1991	2876
1991	2029
1991	2796
1992	2421
1992	3047
1992	3335
1992	2573
1993	2564
1993	2397
1994	3066
1994	2480
1995	2005
1996	2270
1996	3047
1997	2352
1997	3346
1997	3116
1998	2909
1998	2131
1998	3364
1998	3042
1998	2588
1999	2673
1999	2928
2000	2770
2000	3275
2001	2003
2001	2998
2001	2145
2001	3081
2001	2737
2002	2936
2002	2886
2003	2998
2003	2737
2004	2954
2004	3383
2005	2527
2005	2929
2006	3136
2006	2267
2006	2511
2007	2360
2007	2296
2007	2436
2007	2354
2009	2140
2009	2982
2009	3404
2009	2714
2009	2946
2010	3186
2010	3296
2011	3394
2012	3351
2013	2080
2013	3243
2013	2129
2014	3093
2014	2454
2015	2223
2015	2714
2015	3111
2015	2028
2016	2939
2016	2489
2016	3412
2017	2267
2017	2511
2018	2193
2018	2268
2018	3197
2019	2202
2020	2025
2020	2740
2020	2610
2020	3268
2021	2340
2021	2315
2022	3305
2022	2586
2022	3237
2022	2578
2022	2649
2022	3188
2023	2393
2024	2633
2024	2265
2025	2636
2025	2740
2025	2610
2026	3388
2026	3165
2027	2433
2027	2841
2027	2168
2028	3111
2028	2713
2029	2876
2029	2796
2030	3241
2031	2561
2031	2999
2031	2394
2032	2902
2032	3359
2032	3430
2032	2568
2032	3205
2033	2179
2034	2673
2034	2989
2035	2866
2035	2499
2035	2494
2036	2313
2036	2411
2037	2530
2039	2868
2040	2852
2041	2894
2041	3060
2041	2126
2041	2237
2042	2047
2043	2897
2043	2221
2043	3092
2044	3399
2044	2671
2044	2514
2045	3257
2045	3209
2046	2527
2046	2520
2046	2785
2048	2180
2048	3067
2049	2766
2049	2343
2050	2672
2050	2663
2050	3017
2051	2306
2052	2280
2052	2068
2052	2156
2052	2822
2053	2721
2053	2992
2053	2114
2053	3360
2054	2063
2054	2658
2055	3268
2055	2122
2056	2153
2056	3020
2056	3044
2057	2607
2057	2932
2058	2984
2058	2406
2059	2516
2059	3340
2060	2262
2060	2288
2061	2574
2061	2312
2062	3245
2062	2857
2062	3230
2062	3315
2064	3416
2064	2087
2064	2745
2065	2099
2065	2342
2065	3386
2066	2113
2066	2188
2066	2637
2066	2589
2067	2422
2067	2948
2067	2792
2067	2486
2068	3217
2068	2724
2069	2230
2069	2265
2070	2596
2071	2791
2071	2276
2071	3077
2071	2297
2072	3284
2072	2387
2073	2281
2073	3118
2074	2419
2074	2756
2075	3409
2075	2815
2075	2444
2075	2256
2076	3022
2076	2639
2076	2569
2077	2505
2077	2577
2077	2803
2078	2219
2078	2981
2079	2862
2080	2539
2080	2129
2081	2424
2081	2826
2082	2985
2082	2688
2084	3251
2086	2818
2086	3231
2086	3207
2087	2209
2087	2745
2088	3238
2088	2922
2088	2355
2088	2176
2089	3277
2089	3303
2090	2599
2090	2643
2090	2810
2090	2332
2091	2970
2091	3287
2091	2931
2092	2163
2092	2349
2093	2890
2094	3228
2094	2754
2094	2404
2095	2376
2095	3286
2095	2585
2096	2120
2096	3368
2097	3049
2097	2195
2097	3021
2098	2579
2098	2259
2099	3383
2100	2615
2100	2947
2100	2763
2100	2314
2101	2122
2101	3112
2102	2716
2102	2305
2102	2474
2103	2528
2103	3264
2103	3105
2104	2494
2104	2679
2104	2974
2104	2732
2105	2385
2106	2300
2106	2188
2106	2554
2107	3310
2108	2802
2108	2975
2109	2844
2109	2161
2110	2278
2110	2601
2110	2500
2110	2526
2111	2500
2112	2169
2113	2637
2114	2992
2114	3360
2115	2686
2115	3130
2115	2642
2116	2772
2117	3138
2117	3096
2118	2840
2119	2269
2119	2403
2119	2827
2120	2555
2120	2534
2120	3368
2121	2147
2121	2379
2121	3217
2122	3268
2123	2545
2123	2497
2125	3161
2125	3157
2126	2894
2126	2773
2126	2238
2127	3062
2127	2871
2128	2865
2128	2217
2128	2395
2128	2912
2128	2750
2129	2539
2129	3037
2130	2427
2130	3182
2131	2909
2131	2304
2131	2588
2132	3296
2132	2322
2133	2759
2133	3252
2133	3353
2134	2468
2136	3325
2136	2182
2137	3115
2138	3407
2138	3137
2138	3173
2140	3345
2140	2982
2140	3404
2140	2563
2141	2658
2141	3206
2141	3004
2142	2985
2142	2619
2142	3004
2142	3233
2143	2234
2143	2439
2144	3052
2145	2913
2145	2998
2145	2756
2146	2252
2146	3291
2146	3409
2146	3290
2147	3124
2147	2379
2148	3159
2148	2357
2148	2598
2149	2651
2149	2542
2150	2711
2150	2410
2150	2279
2151	2515
2151	3156
2152	2995
2152	2355
2152	2661
2152	2495
2152	2295
2152	2187
2153	3020
2153	3044
2154	2623
2154	2550
2154	3307
2155	2726
2156	2822
2156	2897
2157	3314
2158	2317
2158	2717
2159	2309
2160	2648
2160	2366
2160	2565
2160	2325
2160	2371
2161	2844
2162	2946
2162	2961
2162	3424
2163	2349
2163	2632
2164	2951
2165	2595
2165	3412
2166	2212
2167	2508
2168	2555
2168	3301
2168	2841
2168	3312
2169	3235
2170	3426
2170	2830
2170	2922
2170	2995
2171	2640
2171	3170
2171	2271
2172	2733
2172	3031
2172	2979
2172	3144
2172	3208
2173	2994
2173	3398
2173	3148
2173	2556
2174	3430
2174	2198
2174	2363
2174	3258
2175	2731
2175	3049
2175	3021
2176	2355
2176	2867
2176	2495
2176	3018
2177	2648
2177	2366
2178	3265
2179	3176
2180	3197
2180	3067
2181	2283
2181	2480
2182	3325
2183	2811
2184	3336
2184	2377
2185	2429
2186	3143
2186	2609
2187	2661
2187	2295
2187	2757
2187	3043
2188	2554
2188	2589
2189	2635
2189	2208
2189	2247
2189	2282
2190	2349
2190	3273
2190	3029
2191	2214
2191	3221
2192	2612
2192	3275
2192	2844
2193	3026
2193	2268
2194	3396
2195	3294
2196	3181
2196	2848
2196	3172
2197	3403
2197	2257
2197	2823
2197	3230
2198	2363
2198	3258
2200	2251
2200	2987
2200	2767
2201	2942
2202	2723
2202	3084
2203	3356
2204	3311
2204	2652
2204	2777
2204	3328
2205	2786
2205	2651
2206	2676
2206	3196
2207	2942
2207	2351
2207	3158
2208	2780
2208	2247
2209	2609
2210	3041
2211	3402
2211	3087
2212	3109
2213	3026
2213	2793
2214	3095
2214	3009
2214	3221
2215	2372
2215	2702
2216	3356
2217	2519
2217	2865
2217	2395
2218	3313
2219	2981
2219	2720
2220	3199
2221	2816
2222	2796
2222	3206
2223	3227
2223	2982
2223	2714
2224	2581
2224	2327
2225	2369
2225	3129
2225	2904
2225	3246
2225	3236
2228	2614
2228	3185
2228	2695
2228	2835
2229	2496
2229	2529
2229	3040
2230	3117
2230	2993
2231	2723
2232	2440
2232	2443
2232	2370
2235	2389
2235	2855
2235	2760
2235	3124
2236	2260
2236	2297
2237	2752
2238	2773
2238	3006
2239	2538
2239	2524
2240	2335
2240	2994
2241	3352
2241	2761
2241	2924
2241	2405
2242	3056
2242	3341
2242	2431
2243	3032
2243	2676
2244	2389
2245	2481
2246	3039
2246	2614
2246	3108
2246	2624
2247	2507
2247	2635
2248	2283
2248	2931
2249	3018
2249	3073
2249	2344
2250	2681
2251	3083
2251	2987
2252	2342
2252	3056
2252	3291
2252	3290
2253	3036
2253	3364
2254	2264
2254	2390
2255	3224
2255	2864
2255	3162
2256	3409
2256	2616
2256	3399
2257	3403
2257	3245
2257	3230
2258	3122
2258	3143
2258	2692
2259	2579
2259	2449
2260	2582
2260	2297
2261	2919
2261	3371
2261	2435
2262	3009
2263	3350
2263	2708
2263	2630
2266	2571
2266	3323
2267	2741
2267	2511
2269	2456
2269	2403
2269	3131
2270	2916
2271	3170
2271	2905
2272	2631
2272	3041
2272	2451
2273	2510
2273	3051
2273	2861
2274	3126
2274	3155
2275	2891
2275	3223
2276	2791
2276	3077
2277	3348
2277	2719
2278	2404
2278	2601
2279	2711
2279	2410
2280	2956
2280	2822
2281	2420
2281	2331
2282	2701
2282	2613
2284	2437
2284	3335
2284	2573
2284	2806
2285	2858
2285	2458
2287	2952
2287	3077
2288	2761
2288	2405
2289	3014
2290	2469
2290	2708
2290	2965
2291	3132
2291	2512
2292	3035
2292	3216
2292	3234
2293	3198
2293	2541
2294	3250
2294	3289
2295	2495
2295	2677
2296	2776
2296	2436
2298	2477
2299	3142
2299	2599
2299	2643
2299	2662
2300	2996
2300	3343
2301	2830
2301	3173
2301	2661
2301	3075
2301	2757
2302	3010
2303	2363
2304	2386
2305	3058
2307	2907
2307	2335
2308	2562
2308	3094
2308	3347
2308	2889
2309	2334
2309	2700
2310	2997
2310	2540
2310	2596
2311	3272
2311	2945
2311	2321
2311	2794
2311	2628
2313	2411
2314	3363
2314	3397
2314	2615
2314	2763
2314	2984
2316	2374
2317	2618
2318	2621
2318	3355
2318	3411
2319	3152
2319	3247
2319	3285
2320	3269
2321	2628
2322	3296
2323	2666
2324	3003
2324	2605
2325	2565
2326	2608
2326	3369
2326	3160
2327	2581
2327	3070
2328	2787
2328	3362
2329	3325
2329	2665
2329	3233
2330	3053
2330	3300
2332	2570
2332	3295
2333	2784
2334	2755
2334	2700
2335	2354
2336	2967
2336	3425
2338	3334
2338	2468
2339	3138
2339	3269
2339	2814
2340	3191
2341	2437
2341	2487
2342	3291
2344	3270
2345	3306
2346	2467
2346	2373
2346	3375
2346	3415
2347	3273
2348	2889
2349	2632
2350	2749
2350	3048
2351	3158
2353	2556
2353	2420
2354	2436
2355	2922
2355	2995
2355	2495
2356	3336
2356	3058
2357	2598
2359	3114
2361	3343
2362	3332
2362	3079
2362	2623
2363	3430
2364	2566
2364	3005
2364	2680
2364	2831
2365	2873
2365	2603
2366	2648
2366	2553
2366	2371
2367	2665
2367	2537
2368	2416
2368	2769
2369	2498
2369	2904
2369	3246
2370	3222
2370	3381
2371	2553
2372	2702
2373	3390
2373	2467
2373	3375
2374	2957
2375	3284
2375	2387
2375	3123
2376	2669
2376	3286
2377	3227
2377	2645
2377	2563
2378	3218
2378	2551
2378	2968
2379	3124
2379	2935
2380	3003
2380	2605
2381	3029
2381	2504
2381	2620
2381	3298
2382	3103
2382	3410
2384	2441
2384	3252
2385	2575
2385	3249
2386	2454
2387	3284
2387	3123
2388	2858
2388	2412
2388	2535
2389	2741
2389	2760
2391	2414
2391	2883
2392	3400
2392	2727
2392	2953
2393	3080
2393	2493
2394	2561
2394	3327
2395	2693
2395	2750
2396	2672
2398	2915
2398	2894
2398	3060
2399	3142
2400	2747
2400	2840
2400	3261
2401	2680
2401	3112
2402	2783
2402	3251
2402	3180
2403	2456
2404	2754
2404	2601
2405	2761
2405	2924
2407	3363
2407	2763
2408	3050
2408	3048
2409	3105
2412	2535
2412	2612
2413	2653
2413	2758
2413	2484
2413	3427
2413	2777
2414	3260
2414	2883
2415	2519
2416	3219
2416	2769
2417	3185
2417	2426
2418	3298
2420	2994
2420	2556
2422	3082
2422	2903
2422	2948
2423	3166
2424	2826
2424	2880
2425	2528
2426	2718
2428	3164
2428	2744
2429	2972
2429	3344
2429	2650
2430	3099
2430	2560
2431	2463
2431	3091
2432	3214
2432	3153
2433	3366
2433	2841
2434	2500
2434	3377
2434	2526
2434	2976
2435	2919
2435	3371
2436	2776
2437	2487
2437	2806
2438	3297
2438	2654
2439	3178
2440	2664
2440	2914
2440	2443
2441	3072
2442	2861
2443	2914
2444	2815
2445	3255
2445	2856
2446	2883
2446	3104
2446	2497
2446	2990
2447	3322
2448	2952
2448	3140
2449	2579
2449	2627
2450	2983
2450	3354
2450	2703
2451	2795
2451	3134
2453	3382
2453	2802
2453	2975
2453	3146
2454	3341
2456	3330
2456	3131
2457	3223
2457	3151
2459	2488
2459	3376
2460	2694
2460	3279
2461	3102
2461	2463
2462	3163
2462	2975
2463	3042
2464	3022
2464	2824
2464	2725
2465	2748
2465	2746
2465	2803
2466	2607
2466	2804
2467	3390
2467	3208
2469	2965
2471	3403
2472	3429
2472	2960
2473	2539
2473	3085
2473	3037
2474	2580
2474	2966
2474	2918
2475	2898
2475	2855
2475	2760
2476	2554
2476	3318
2479	3242
2479	3339
2479	3099
2482	2611
2482	2778
2482	3090
2483	3127
2484	3427
2485	3367
2486	2852
2487	2806
2487	2843
2488	3239
2489	2939
2491	3035
2493	3080
2493	2587
2493	3133
2494	2679
2495	2867
2495	2677
2497	2883
2497	3104
2499	2866
2500	2526
2501	2774
2501	3259
2501	2583
2502	2767
2503	3057
2503	3379
2504	3029
2504	2620
2504	2962
2505	3165
2505	2803
2506	2707
2507	2574
2508	2838
2508	2920
2508	3280
2510	2929
2512	3132
2512	2525
2513	2832
2513	3209
2514	2762
2514	3041
2515	2764
2515	3156
2516	2518
2516	2709
2517	3392
2517	2710
2518	2709
2519	2865
2520	2639
2522	2733
2522	3031
2522	3401
2523	3015
2524	2899
2524	3281
2525	2825
2526	2678
2527	2843
2527	2929
2528	3264
2528	3105
2529	3040
2531	3036
2531	3361
2531	2880
2532	2679
2533	2544
2533	2738
2533	2771
2534	2555
2534	3312
2535	2949
2535	2770
2536	3034
2536	2559
2537	2665
2539	3037
2540	2997
2540	3118
2541	2620
2541	2962
2542	3225
2542	3295
2544	2779
2545	3005
2545	2831
2546	2681
2546	2834
2546	3060
2547	2804
2548	2990
2549	3263
2550	2870
2550	3243
2551	3061
2551	3218
2554	3318
2555	2841
2555	3312
2555	3368
2556	2994
2557	3054
2558	2876
2558	3189
2559	2731
2560	2842
2561	3145
2562	3177
2562	3094
2563	3227
2563	2645
2563	2982
2564	3266
2565	2648
2566	3005
2566	2680
2567	3378
2568	2902
2568	3359
2568	3175
2569	2691
2570	3295
2572	3345
2572	3194
2573	3335
2573	2806
2575	3249
2576	3380
2577	2746
2577	2803
2577	3234
2578	2586
2578	2722
2578	3188
2580	2918
2582	2647
2584	3107
2584	2964
2584	2896
2585	2928
2586	3333
2586	2859
2586	3237
2587	2938
2587	3080
2587	3212
2587	3133
2588	3042
2588	3341
2590	2669
2590	3187
2592	3011
2593	3093
2595	3412
2598	3121
2598	3159
2598	3385
2599	2643
2599	2662
2600	2955
2602	2940
2602	2726
2603	2873
2604	2635
2605	3003
2606	2921
2606	2912
2607	2804
2607	2932
2610	2636
2610	3135
2611	2778
2611	3417
2611	3090
2612	3275
2613	2701
2613	3281
2614	3185
2614	2624
2614	2695
2615	2984
2616	3399
2616	2671
2617	3101
2619	3004
2619	3012
2620	3298
2620	2962
2621	3355
2622	3039
2622	3232
2623	3079
2623	3307
2624	3185
2624	3108
2624	3085
2625	3401
2626	2683
2628	2794
2628	2690
2628	2742
2629	3420
2629	2781
2630	2708
2634	2848
2634	3172
2634	3379
2638	3422
2640	3170
2642	2650
2643	2810
2644	2809
2644	2699
2645	3327
2646	2704
2647	2652
2647	2758
2649	3305
2649	3166
2649	3188
2650	3344
2652	3311
2652	2758
2652	2777
2653	2758
2653	3045
2654	2705
2654	3297
2655	3255
2656	2881
2656	3321
2657	3279
2658	3206
2659	2882
2660	2943
2661	2830
2661	2995
2661	2757
2662	2989
2663	3202
2667	3429
2668	2736
2668	3098
2669	3187
2669	3286
2670	2681
2670	3048
2671	3399
2672	3017
2673	2928
2674	2859
2674	2783
2674	3195
2675	2818
2675	3145
2677	2867
2677	3171
2678	3008
2678	3147
2680	3112
2682	2790
2682	2874
2683	3311
2683	3328
2684	3423
2684	2715
2684	2762
2686	3130
2687	2836
2688	2725
2688	3028
2689	3162
2690	2739
2690	2742
2692	3122
2692	3381
2694	2933
2695	3232
2695	3310
2697	2836
2697	3351
2698	3392
2698	2710
2699	3244
2699	2809
2700	3192
2700	3019
2701	3281
2703	2983
2703	2890
2704	3117
2704	3376
2704	2993
2705	3346
2705	3116
2705	3324
2706	3204
2706	3013
2708	3350
2709	2873
2710	3392
2710	2719
2712	2941
2714	2982
2714	2946
2714	3111
2715	3198
2715	3423
2716	3336
2717	2858
2718	2774
2721	3228
2721	3360
2722	3188
2723	3084
2724	3428
2725	2824
2726	2940
2727	3033
2730	3116
2731	3049
2732	2974
2733	3031
2733	3144
2734	3182
2734	3380
2734	3030
2737	3130
2737	3081
2741	2898
2741	2760
2742	2885
2742	2794
2743	2943
2743	3326
2744	3160
2745	3167
2746	2803
2746	3234
2747	2840
2747	2772
2749	2864
2750	2921
2750	2912
2750	3323
2751	3413
2751	2899
2751	2753
2752	2834
2752	3391
2754	3228
2755	2981
2756	2998
2757	3075
2757	3043
2758	2777
2759	3252
2759	3028
2759	3353
2760	2898
2760	2855
2761	3352
2761	3276
2763	3363
2764	3106
2765	2781
2765	3372
2767	2987
2767	3014
2768	3203
2768	3419
2768	3390
2770	2949
2770	3150
2771	2800
2771	3309
2771	3308
2773	3006
2773	3095
2774	2930
2775	2797
2777	3427
2779	3224
2779	2864
2780	3374
2783	2885
2783	3180
2783	3195
2784	2958
2786	3193
2787	3362
2788	2819
2789	3254
2789	2973
2791	3139
2792	2948
2792	2869
2792	3246
2792	3236
2793	3026
2793	2798
2793	3350
2794	2945
2795	3134
2798	3026
2798	3350
2799	3071
2800	2961
2800	3308
2800	3329
2801	3135
2802	2975
2802	3387
2805	3034
2806	2843
2808	2924
2811	3367
2812	3405
2812	2917
2813	3055
2813	3215
2813	3127
2814	2884
2814	3373
2814	3269
2815	3091
2816	2900
2816	3253
2817	2927
2823	3038
2823	2857
2823	3230
2824	3022
2824	3012
2825	2986
2826	2880
2830	3426
2830	2995
2831	3005
2832	3164
2833	2949
2838	3202
2838	3280
2838	3393
2839	3257
2839	3178
2841	3366
2841	3368
2842	3292
2843	2929
2845	2965
2845	3413
2845	3391
2846	3370
2847	2959
2847	3405
2848	3172
2849	2907
2850	3070
2850	2863
2851	2853
2851	3051
2853	3369
2854	3262
2855	3124
2856	3255
2856	3229
2857	3038
2857	3230
2859	3333
2860	2937
2860	3053
2860	2871
2861	3051
2864	3224
2867	3018
2867	3171
2867	3073
2868	3187
2868	2875
2869	3246
2871	2937
2872	2963
2874	2952
2874	3140
2876	3189
2877	3282
2878	3244
2879	3247
2879	3285
2881	3200
2881	3321
2884	3373
2885	3180
2885	3195
2886	2936
2887	3163
2888	3158
2893	3416
2894	2915
2894	3060
2895	3215
2895	3370
2896	2964
2899	3281
2900	2944
2900	3253
2901	3015
2902	3148
2903	2948
2904	3129
2905	3170
2905	3225
2908	3174
2909	3364
2910	3419
2912	2921
2914	3109
2916	3120
2917	3137
2918	2966
2920	3280
2921	3323
2922	3238
2922	2995
2923	3027
2931	3287
2933	3072
2934	3210
2934	3179
2935	2956
2936	3163
2938	2957
2938	3080
2938	3212
2939	3137
2941	3098
2941	3179
2944	3318
2945	3121
2945	3266
2945	3272
2946	3111
2946	3424
2947	3331
2947	3089
2948	3236
2949	3150
2950	3066
2950	3046
2950	3027
2951	2958
2952	3140
2953	3400
2954	3299
2954	3383
2954	3139
2958	3086
2960	3411
2961	3424
2961	3308
2961	3329
2964	3002
2965	3413
2967	3011
2968	3421
2969	3263
2970	3069
2970	3287
2971	3304
2972	3078
2972	3344
2973	3254
2976	3377
2978	3248
2979	3144
2980	3150
2982	3227
2984	3397
2985	3233
2987	3408
2987	3083
2987	3014
2988	3331
2988	3089
2990	3334
2992	3353
2993	3117
2993	3376
2996	3358
2997	3118
3000	3107
3001	3342
3002	3213
3004	3206
3006	3095
3006	3009
3007	3319
3008	3147
3009	3095
3013	3204
3014	3408
3016	3280
3016	3393
3017	3414
3018	3073
3019	3192
3019	3283
3020	3147
3021	3049
3023	3320
3024	3212
3024	3314
3028	3252
3029	3273
3030	3182
3030	3380
3031	3401
3031	3203
3031	3208
3032	3072
3035	3234
3045	3299
3046	3066
3047	3335
3053	3300
3054	3192
3056	3290
3057	3117
3059	3167
3059	3349
3062	3347
3063	3146
3063	3294
3063	3094
3064	3126
3068	3069
3068	3076
3073	3171
3074	3119
3075	3173
3078	3288
3081	3130
3083	3408
3085	3108
3086	3132
3087	3402
3088	3119
3089	3331
3092	3428
3093	3386
3094	3347
3095	3221
3097	3389
3098	3183
3099	3339
3102	3361
3103	3410
3106	3258
3108	3422
3111	3424
3116	3346
3120	3324
3121	3159
3121	3266
3121	3385
3121	3272
3122	3381
3125	3260
3125	3317
3131	3330
3134	3374
3141	3398
3141	3271
3146	3382
3146	3294
3148	3398
3148	3271
3152	3256
3153	3214
3154	3354
3154	3338
3159	3266
3160	3369
3165	3388
3166	3305
3169	3340
3169	3186
3170	3225
3172	3379
3175	3359
3181	3229
3183	3210
3184	3389
3186	3340
3191	3365
3194	3345
3194	3404
3196	3302
3200	3321
3202	3393
3203	3401
3203	3390
3203	3208
3205	3359
3205	3430
3207	3231
3208	3390
3209	3257
3211	3429
3214	3278
3219	3288
3222	3381
3228	3360
3229	3255
3230	3245
3232	3310
3236	3246
3237	3333
3237	3305
3238	3352
3239	3355
3242	3384
3242	3339
3244	3328
3245	3315
3247	3302
3247	3285
3254	3421
3259	3418
3264	3304
3267	3375
3267	3415
3269	3373
3271	3398
3272	3385
3276	3352
3277	3303
3278	3414
3280	3393
3290	3409
3293	3342
3297	3313
3299	3383
3301	3312
3308	3309
3311	3328
3324	3346
3329	3424
3337	3419
3345	3404
3363	3397
3365	3377
3366	3368
3375	3415
3378	3410
3407	3426
