0	1051
0	3516
0	393
0	2106
0	480
0	2311
1	685
1	2316
1	1604
2	1700
2	3001
2	574
2	1834
2	3285
2	2264
3	2226
3	2948
3	2951
3	2073
3	1056
3	3566
4	1909
4	441
4	1194
4	1791
4	2821
5	1295
5	1995
5	3471
5	272
5	1405
5	1392
6	2086
6	3609
6	3287
6	1464
7	1305
7	2934
7	2151
7	3141
7	1347
7	726
8	3555
8	3544
8	2081
8	2605
8	3128
8	1468
9	1467
9	514
9	2074
9	1496
9	3574
9	771
10	1175
10	3565
10	114
10	2185
10	2217
10	1057
11	641
11	1066
11	2335
11	896
11	3172
11	2159
12	3357
12	604
12	2408
12	1271
12	2861
12	1190
13	1269
13	2062
13	3224
13	3189
13	330
13	1767
14	130
14	411
14	2207
14	3411
14	132
14	691
15	2554
15	1102
15	2502
15	3390
15	1705
15	1458
16	334
16	800
16	221
16	1877
16	2177
16	2307
17	2282
17	2090
17	1871
17	1912
17	2330
17	3271
18	3429
18	786
18	3330
19	2473
19	2763
19	2507
19	1524
19	2308
19	3185
20	741
20	2836
20	2156
20	75
20	2985
20	2825
21	1258
21	585
21	62
21	1662
21	338
21	600
22	924
22	2250
22	3261
22	535
23	1967
23	2477
23	2689
23	1563
23	2702
23	3342
24	2698
24	2109
24	209
24	1191
24	2524
24	1560
25	2069
25	2080
25	1782
25	70
25	139
25	2216
26	1091
26	2979
26	1575
26	2976
26	2034
26	1333
27	276
27	1841
27	2241
27	582
27	1929
27	1754
28	782
28	2917
28	2891
28	3604
28	348
28	2461
29	3403
29	305
29	1416
29	3308
29	966
29	479
30	1322
30	613
30	1948
30	1552
30	2472
30	2077
31	671
31	1358
31	1676
31	643
31	2943
31	3599
32	318
32	887
32	3342
32	3538
32	3381
32	3352
33	2103
33	2553
33	2780
33	3332
33	2369
33	604
34	1401
34	3343
34	1752
34	157
34	3154
34	3269
35	378
35	2296
35	2150
35	1015
35	1401
35	1478
36	1588
36	51
36	2581
36	1028
36	579
36	673
37	1585
37	3006
37	2575
37	3209
38	3445
38	2640
38	3185
38	409
38	849
38	1706
39	987
39	1180
39	695
39	742
39	1646
39	2161
40	2667
40	168
40	2222
40	3126
40	2815
40	504
41	1066
41	541
41	3057
41	1458
41	1431
41	1412
42	1105
42	3552
42	3295
42	3413
42	1810
42	2585
43	3024
43	2157
43	3015
43	1449
43	899
43	1202
44	3345
44	2165
44	287
44	1742
44	3429
44	2988
45	458
45	1080
45	3143
45	1153
45	1723
45	1003
46	2968
46	388
46	923
46	1990
46	1391
46	1557
47	564
47	764
47	992
47	344
47	1073
47	2424
48	2944
48	3528
48	2847
48	2604
48	688
48	2414
49	298
49	3358
49	2334
49	706
49	2739
49	2141
50	1627
50	1873
50	1058
50	3570
50	2993
50	1514
51	902
51	1166
51	1063
51	2581
51	1028
52	2731
52	2022
52	3398
52	724
52	154
52	1385
53	919
53	645
53	1424
53	2230
53	2723
53	2186
54	1455
54	1181
54	1146
54	2499
54	634
54	1095
55	3546
55	616
55	968
55	609
55	2958
55	74
56	2911
56	684
56	3590
56	171
56	1288
56	3549
57	1369
57	3256
57	1442
57	1583
57	1940
57	3289
58	1887
58	1608
58	979
58	329
58	2018
58	1655
59	2829
59	2881
59	237
59	1838
59	1274
59	120
60	98
60	2212
60	508
60	1643
60	1109
60	1082
61	996
61	1218
61	1404
61	1344
61	2083
61	376
62	585
62	3183
62	600
62	847
62	3072
63	2599
63	2892
63	400
63	1432
63	537
63	2890
64	1867
64	2273
64	3607
64	3045
64	3252
64	2162
65	517
65	2400
65	857
65	388
65	3039
65	115
66	2894
66	2832
66	3499
66	2522
66	1900
66	1937
67	1862
67	3374
67	1586
67	3201
67	1922
67	3166
68	362
68	1342
68	1127
68	185
68	1654
68	3019
69	575
69	1268
69	1308
70	526
70	1782
70	2216
70	2772
70	895
71	1376
71	1181
71	2247
71	1113
72	2531
72	3214
72	2237
72	1539
72	2976
72	1032
73	186
73	1541
73	885
73	2787
73	2317
73	3092
74	3546
74	609
74	998
74	1954
74	3109
75	1430
75	2156
75	870
75	2825
75	211
76	2515
76	851
76	2375
76	430
76	426
76	3053
77	1081
77	1204
77	558
77	1868
77	2714
77	2006
78	2390
78	345
78	2123
78	3046
78	3297
78	2885
79	1582
79	1158
79	2627
79	2899
79	2011
79	2079
80	829
80	1534
80	566
80	1263
80	477
80	2931
81	378
81	3532
81	2251
81	945
81	3144
81	2150
82	1045
82	3321
82	2399
82	891
82	259
82	2523
83	1897
83	402
83	1692
83	2715
83	1013
83	1363
84	838
84	3154
84	714
84	434
84	1402
84	3428
85	681
85	2748
85	316
85	1675
85	1783
85	3262
86	2737
86	468
86	230
86	1234
87	3284
87	2586
87	1648
87	2002
87	2379
87	1789
88	1825
88	1729
88	137
88	792
88	3454
88	1652
89	1895
89	636
89	2951
89	1738
89	2725
89	3190
90	1136
90	1386
90	1831
90	2082
90	273
90	3487
91	1963
91	3323
91	2410
91	941
91	738
91	1741
92	2665
92	571
92	814
92	2878
92	1296
92	904
93	3230
93	692
93	2998
93	3536
93	1902
93	1055
94	1072
94	2570
94	2203
94	2260
94	1394
94	1223
95	3507
95	3455
95	1495
95	2590
96	3604
96	2461
96	1820
96	3119
96	855
96	647
97	1656
97	2802
97	3458
97	2724
97	1112
97	2055
98	1972
98	1525
98	2212
98	2556
98	1643
99	2431
99	2249
99	2512
99	3519
99	2722
99	2588
100	3519
100	2130
100	2588
100	2362
100	1998
100	3216
101	158
101	565
101	1870
101	2681
102	2277
102	638
102	391
102	151
102	2078
102	883
103	413
103	1942
103	343
103	994
103	1450
103	2540
104	144
104	3448
104	1273
104	3495
104	3286
104	1176
105	2081
105	1267
105	2270
105	965
105	1862
105	3201
106	552
106	580
106	1011
106	3149
106	122
106	1220
107	2769
107	2198
107	1438
107	1503
107	3601
107	2673
108	2096
108	1067
108	350
108	2297
108	1800
108	3227
109	3334
109	1518
109	3219
109	3125
109	1827
109	660
110	2226
110	227
110	3329
110	2596
110	3127
110	3035
111	555
111	3059
111	1876
112	678
112	2469
112	3481
112	2346
112	1512
112	2008
113	1086
113	2299
113	591
113	322
113	3137
113	2200
114	1175
114	990
114	1057
114	1099
114	949
115	2197
115	478
115	517
115	2400
115	1418
116	1141
116	3281
116	2726
116	3164
116	761
116	3234
117	1219
117	1124
117	2448
117	1365
117	2443
117	836
118	459
118	2429
118	3049
118	2149
118	2487
118	3610
119	2329
119	2537
119	262
119	646
119	2402
119	1507
120	237
120	1274
120	3070
120	3499
120	2389
121	677
121	1683
121	1529
121	3420
121	1419
121	204
122	552
122	2429
122	1220
122	2487
122	2315
123	3130
123	1807
123	2469
123	2387
123	952
123	1792
124	2900
124	3373
124	3508
124	328
125	1091
125	935
125	392
125	2876
125	1837
125	2979
126	1753
126	2056
126	1077
126	2986
126	2656
126	1474
127	1400
127	924
127	3261
127	1758
127	1826
127	2139
128	831
128	2835
128	414
128	1657
128	1650
128	2529
129	878
129	1085
129	1443
129	2705
129	1274
129	2389
130	3448
130	3530
130	1273
130	411
130	3411
131	861
131	1238
131	1577
131	2677
131	3036
131	690
132	411
132	691
132	2433
132	1020
132	1666
133	261
133	1914
133	1023
133	2266
133	2782
133	794
134	1221
134	979
134	3425
134	399
134	872
134	1619
135	473
135	1074
135	154
135	1988
135	2382
135	1193
136	3080
136	1087
136	498
136	682
136	1950
136	3597
137	3482
137	1926
137	1729
137	1652
137	2410
138	184
138	1229
138	859
138	482
138	1245
138	3075
139	2080
139	397
139	839
139	2216
139	2713
140	2330
140	3271
140	846
140	1925
140	2134
140	2644
141	530
141	1636
141	2869
141	389
141	2345
141	1776
142	2768
142	1027
142	474
142	2963
142	3048
142	2037
143	2754
143	2271
143	2486
143	3510
143	1230
143	1813
144	825
144	2412
144	2907
144	3448
144	3495
145	1133
145	368
145	991
145	1964
145	2534
145	2178
146	298
146	3358
146	439
146	427
146	1246
146	1932
147	2025
147	3547
147	470
147	1326
147	440
147	3208
148	3467
148	3520
148	548
148	395
148	3155
148	744
149	473
149	567
149	1426
149	955
149	1988
149	2691
150	3489
150	1428
150	1415
151	3363
151	638
151	3583
151	770
151	883
152	3387
152	3043
152	1784
152	1915
152	3547
152	2994
153	2710
153	1398
153	970
153	1397
153	397
153	789
154	2731
154	1074
154	724
154	1193
155	1243
155	2188
155	2028
155	1696
155	3389
155	2863
156	615
156	1538
156	1079
156	3370
156	1456
156	2281
157	821
157	3343
157	249
157	838
157	3154
158	565
158	2041
158	2681
159	934
159	2190
159	1169
159	1101
159	3449
159	865
160	3012
160	1008
160	1345
160	3349
160	2313
160	332
161	649
161	1901
161	1123
161	2454
161	1714
161	3044
162	1467
162	514
162	1372
162	1672
162	3204
162	554
163	1379
163	516
163	352
163	3027
163	2690
163	1685
164	3107
164	592
164	3203
165	1007
165	649
165	1123
165	1517
165	324
165	785
166	2127
166	1747
166	1676
166	454
166	3599
166	2760
167	2807
167	1355
167	2749
167	3007
167	3235
168	2667
168	323
168	435
168	3249
168	504
169	2178
169	719
169	2327
169	763
169	3136
169	3576
170	1104
170	2736
170	1480
170	519
170	2203
170	1394
171	3590
171	2444
171	1288
171	1423
171	760
172	704
172	2268
172	850
172	1269
172	1708
172	2062
173	2282
173	3040
173	1338
173	2330
173	846
174	703
174	598
174	243
174	3324
174	2475
174	1092
175	1184
175	1001
175	523
175	1175
175	271
175	990
176	1252
176	1119
176	1125
176	3392
176	297
176	1624
177	1185
177	1462
177	578
177	2042
177	2651
177	3571
178	628
178	2687
178	3171
178	2749
178	3235
178	1953
179	2217
179	1282
179	1803
179	263
179	3562
179	2121
180	1140
180	315
180	3457
180	2445
180	3123
180	812
181	1268
181	1886
181	287
181	1742
181	1591
181	2038
182	1292
182	528
182	2241
182	3195
182	1352
182	507
183	936
183	403
183	3577
183	993
183	3303
183	1207
184	2176
184	1799
184	1229
184	859
184	1586
185	362
185	1654
185	2476
185	694
185	1341
186	1842
186	1541
186	2861
186	1190
186	2317
187	1607
187	1629
187	1146
187	625
187	3456
187	1753
188	2802
188	2157
188	2500
188	3356
188	631
188	3015
189	2192
189	1417
189	3280
189	1310
189	1164
189	1852
190	718
190	1637
190	3375
190	1751
190	1172
191	3512
191	2517
191	1421
191	709
191	1818
191	2013
192	3476
192	333
192	2075
192	605
192	1415
192	2228
193	869
193	3322
193	1447
193	1918
193	2519
193	2867
194	1854
194	3172
194	2159
194	2039
195	1237
195	199
195	451
195	2295
195	3436
195	2099
196	353
196	1597
196	1945
196	1835
196	2559
196	2888
197	1248
197	1281
197	445
197	455
198	1513
198	3406
198	2798
198	2455
198	2341
198	1623
199	1745
199	521
199	992
199	451
199	2295
200	1324
200	1993
200	3088
200	2498
200	3241
200	3109
201	2911
201	684
201	2926
201	454
201	1002
201	2760
202	241
202	1761
202	1579
202	1962
202	2621
202	2999
203	1155
203	2916
203	808
203	2946
203	2668
203	2880
204	1683
204	1080
204	3247
204	1419
204	3143
205	1817
205	219
205	1536
205	529
205	662
205	3463
206	1076
206	2870
206	1654
206	2476
206	2114
206	3278
207	784
207	2917
207	2891
207	2234
207	2236
207	2989
208	1851
208	560
208	2337
208	2549
208	788
208	876
209	1191
209	1560
209	3423
209	2530
209	3348
210	2301
210	2501
210	3514
210	2855
210	3399
210	1795
211	1430
211	2156
211	606
211	2366
211	2884
212	1699
212	2701
212	1264
212	1068
212	551
212	1424
213	1143
213	590
213	1550
213	1093
213	1790
213	1804
214	1429
214	2738
214	1924
214	1171
214	2766
214	1771
215	2547
215	707
215	309
215	1858
215	2066
215	737
216	2785
216	1136
216	1386
217	1156
217	296
217	1561
217	495
218	3415
218	1663
218	2684
218	285
218	1205
218	3017
219	1536
219	3548
219	529
219	2120
219	1407
220	3373
220	3508
220	741
220	2128
220	2156
220	2884
221	800
221	3360
221	3292
221	1235
221	1877
222	1925
222	2576
222	2644
222	1566
222	648
222	1943
223	1205
223	462
223	3017
223	3368
223	2417
223	2675
224	233
224	3028
224	487
224	841
224	280
224	2158
225	3304
225	2774
225	2516
225	805
225	3346
225	2425
226	3333
226	2613
226	1460
226	1430
226	606
226	2005
227	2226
227	1588
227	2073
227	3035
227	579
228	2748
228	1108
228	2462
228	3262
228	1990
228	376
229	834
229	1787
229	390
229	337
229	255
229	2985
230	553
230	468
230	3466
231	1469
231	3600
231	1347
231	726
231	1286
231	2527
232	2493
232	1822
232	2633
232	3051
232	3140
232	435
233	557
233	1535
233	841
233	2158
233	3365
234	1130
234	1615
234	2274
234	2440
234	469
234	2541
235	1707
235	258
235	1163
235	2954
235	2533
235	3073
236	461
236	1035
236	827
236	2521
236	3504
236	2694
237	2881
237	1633
237	3070
237	2740
238	1069
238	1029
238	3327
238	295
238	1727
238	371
239	1875
239	2977
239	2446
239	570
239	905
239	2618
240	401
240	436
240	663
240	3527
240	573
240	880
241	1593
241	2046
241	1579
241	3243
241	1962
242	1250
242	3228
242	3237
242	1126
242	2110
242	3226
243	598
243	3340
243	1092
243	2639
243	3557
244	2201
244	1564
244	909
244	1053
244	1481
244	1757
245	2969
245	919
245	2273
245	3045
245	2230
245	2037
246	2027
246	1389
246	658
246	508
246	561
246	897
247	2729
247	1479
247	1976
247	3236
247	1186
247	3591
248	3328
248	784
248	848
248	2234
248	2376
248	525
249	2812
249	821
249	2003
249	938
249	838
250	2589
250	1128
250	517
250	316
250	1675
250	857
251	2248
251	326
251	2875
251	1700
251	574
251	3351
252	3316
252	873
252	2811
253	2678
253	2668
253	2880
253	1240
253	2924
253	3396
254	929
254	1795
254	2131
254	3118
254	1232
254	2342
255	834
255	337
255	999
255	1110
255	1768
256	391
256	2078
256	1889
256	3484
256	3483
256	806
257	3520
257	640
257	1177
257	333
257	886
257	2228
258	2309
258	1707
258	2332
258	1905
258	2954
259	1252
259	2399
259	1125
259	891
259	2283
260	2343
260	1043
260	449
260	2995
260	3585
260	2959
261	544
261	1263
261	477
261	1914
261	2782
262	2329
262	2537
262	697
262	680
262	2155
263	289
263	1913
263	1803
263	2936
263	2121
264	2931
264	2321
264	1763
265	2508
265	1680
265	671
265	1358
265	1630
265	3589
266	2649
266	956
266	3322
266	2482
266	1522
266	1447
267	1918
267	1806
267	3579
267	752
267	3084
267	3347
268	874
268	790
268	1031
268	307
268	2806
268	2151
269	343
269	1107
269	1231
269	2048
269	2404
269	2540
270	545
270	2909
270	1037
270	2221
270	1968
270	2535
271	2727
271	523
271	1175
271	3253
271	3565
272	3471
272	2617
272	3250
272	2071
272	1392
273	1332
273	3326
273	1136
273	816
273	2082
274	717
274	1162
274	1678
274	2726
274	3164
274	3119
275	2202
275	1017
275	1354
275	2451
275	1366
275	712
276	2241
276	1754
276	2769
276	507
276	1716
277	635
277	3539
277	1007
277	3385
277	3400
277	2213
278	3440
278	1409
278	2882
278	781
278	2137
278	1892
279	3145
279	3554
279	1542
279	485
279	3192
279	2057
280	1951
280	487
280	2621
280	2158
280	2999
281	584
281	2987
281	2051
281	2170
281	2796
281	3371
282	297
282	1624
282	1349
282	1266
282	2964
282	1024
283	2860
283	2092
283	3400
283	2449
283	2898
283	1120
284	2292
284	3461
284	960
285	3602
285	369
285	1663
285	2854
285	1205
286	3563
286	1916
286	3414
286	1276
286	1521
286	1869
287	3345
287	1742
287	1978
287	1591
288	387
288	1469
288	3021
288	2826
288	2810
288	2527
289	1913
289	1039
289	2121
289	1044
289	2401
290	2730
290	1785
290	2190
290	1698
290	2154
290	2045
291	2873
291	713
291	368
291	991
291	1571
291	1592
292	317
292	2887
292	3167
292	2024
292	1733
292	1942
293	1849
293	2019
293	1743
293	754
293	2761
293	2803
294	2898
294	1120
294	1177
294	3155
294	2735
294	2532
295	1029
295	3050
295	3409
295	3098
295	371
296	495
297	3392
297	357
297	1624
297	1349
298	3358
298	439
298	2141
298	1857
299	1322
299	1949
299	469
299	2541
299	1552
299	3344
300	3135
300	714
300	1972
300	1173
300	2842
300	3038
301	2744
301	2044
301	1025
301	3453
301	3335
301	3047
302	1227
302	441
302	1791
302	3596
302	2743
302	3250
303	3263
303	3540
303	3029
303	2053
303	2666
303	452
304	3200
304	1863
304	1170
304	1499
304	3359
304	593
305	2060
305	3403
305	881
305	1085
305	966
306	1605
306	1931
306	1610
306	2388
306	2036
306	2189
307	1031
307	2151
307	3141
307	2261
307	1730
308	1696
308	2863
308	3607
308	837
308	1580
308	2136
309	707
309	1275
309	2608
309	3245
309	2066
310	1270
310	1117
310	1446
310	1206
310	1485
310	736
311	2439
311	629
311	2181
311	2738
311	2708
311	963
312	627
312	1292
312	935
312	528
312	2355
312	2876
313	1147
313	677
313	3486
313	3420
313	892
313	3405
314	2619
314	1603
314	3094
314	2087
314	1239
314	1302
315	1140
315	2633
315	3457
315	416
315	2065
316	1675
316	857
316	3262
316	923
317	2792
317	3093
317	2887
317	3167
317	2052
318	384
318	3376
318	705
318	3538
318	3381
319	1946
319	345
319	2082
319	1437
319	3487
319	3297
320	2557
320	2857
320	556
320	801
320	3276
320	1670
321	3111
321	502
321	958
321	733
321	2031
321	1373
322	1086
322	2299
322	431
322	1880
322	1427
323	3290
323	751
323	2667
323	3051
323	435
324	1517
324	2403
324	984
324	3161
324	785
325	2718
325	2584
325	563
325	1714
325	3533
325	3044
326	2248
326	2043
326	2558
326	2610
326	574
327	620
327	2628
327	1377
327	3294
327	1866
327	2285
328	3373
328	1928
329	2955
329	1221
329	979
329	1715
329	1655
330	1145
330	2062
330	3224
330	2868
330	1276
331	2485
331	643
331	2023
331	2926
331	3599
331	2760
332	3012
332	1008
332	3061
332	2245
332	1062
333	1982
333	640
333	3476
333	2228
334	2877
334	800
334	2177
335	3246
335	3293
335	1510
335	1383
335	2929
335	3110
336	943
336	2111
336	2413
336	2097
336	385
336	1293
337	1395
337	999
337	2985
337	2825
338	406
338	2071
338	1662
338	600
338	2791
339	1725
339	725
339	1142
339	1695
340	1211
340	1736
340	1846
340	1633
340	2579
340	1283
341	590
341	2350
341	2862
341	597
341	2294
341	2779
342	2430
342	400
342	2091
342	1188
342	1432
342	2997
343	1733
343	1942
343	1107
343	2540
344	992
344	2295
344	2004
344	2424
344	2612
345	2043
345	1437
345	3046
345	3297
346	694
346	1617
346	653
346	1341
346	2409
346	3513
347	1786
347	3522
347	2781
347	513
347	711
347	856
348	2891
348	3433
348	818
348	2528
348	3604
349	3177
349	901
349	1270
349	2598
349	1646
349	1840
350	1403
350	2096
350	1371
350	3366
350	2297
351	1045
351	1108
351	2462
351	1026
351	2523
351	2805
352	471
352	2859
352	3027
352	2690
352	624
353	1703
353	3065
353	1597
353	2559
353	2395
354	1131
354	1621
354	1927
354	964
354	1413
354	2280
355	1873
355	1058
355	2356
355	361
355	1711
355	594
356	2591
356	795
356	3314
356	543
356	1350
356	1178
357	3392
357	3517
357	1916
357	619
357	1349
358	1614
358	2211
358	438
358	1777
358	1466
358	2035
359	1779
359	2820
359	2908
359	2854
359	3368
359	2010
360	861
360	2623
360	1496
360	3574
360	2777
360	1388
361	1873
361	748
361	594
361	2912
361	2169
362	3019
362	3115
362	799
362	1341
363	1248
363	445
363	664
363	2103
363	3081
363	2210
364	2848
364	745
364	3020
364	417
364	2489
364	1501
365	1153
365	1723
365	2387
365	851
365	633
365	2375
366	828
366	3597
366	1052
366	3394
366	3431
366	700
367	1480
367	2272
367	2866
367	1886
367	2353
367	1591
368	429
368	991
368	1592
368	1964
369	3602
369	1879
369	2686
369	1663
369	1361
370	3102
370	2582
370	1929
370	1754
370	2411
370	1956
371	3290
371	3409
371	1727
371	2344
372	1474
372	1075
372	632
372	1644
372	2599
372	2892
373	1332
373	1693
373	448
373	446
373	3529
373	2128
374	639
374	3383
374	1179
374	1747
374	1106
374	1435
375	2333
375	728
375	667
376	996
376	2748
376	2083
376	2462
377	757
377	1641
377	3160
377	2383
377	1898
377	3162
378	3144
378	2150
378	1015
378	2232
379	2505
379	909
379	1725
379	1757
380	3515
380	1572
380	1200
380	3009
380	2197
380	478
381	1891
381	745
381	468
381	3077
381	3466
381	2489
382	2981
382	1317
382	942
382	2061
382	1777
382	608
383	485
383	2349
383	2199
383	1957
383	2974
383	2189
384	1558
384	2482
384	1522
384	3376
384	705
385	2111
385	2413
385	2575
385	843
385	868
386	1632
386	1494
386	2838
386	3416
386	2320
386	3505
387	3120
387	1469
387	3021
387	1102
387	739
388	857
388	923
388	3039
388	1391
389	530
389	3180
389	1551
389	3491
389	2345
390	834
390	3186
390	1787
390	3558
390	2710
391	2235
391	638
391	2078
391	1889
392	1091
392	935
392	1811
392	3404
392	2753
393	1245
393	3075
393	2106
393	2311
393	3575
394	2435
394	3037
394	3222
394	2244
394	3525
394	1969
395	2167
395	1944
395	548
395	2161
395	744
396	447
396	3129
396	1318
396	3139
396	1224
396	976
397	970
397	2080
397	839
397	789
398	3312
398	1713
398	1839
398	1360
398	3450
398	1198
399	1632
399	1221
399	1494
399	3606
399	1619
400	2098
400	2430
400	2892
400	1432
401	2303
401	1587
401	2741
401	436
401	3527
402	1653
402	2058
402	1692
402	1043
402	2715
403	936
403	3577
403	3146
403	2359
403	2289
404	962
404	1921
404	999
404	1110
404	2945
404	1047
405	2063
405	1989
405	1580
405	2136
405	1734
405	1965
406	564
406	2071
406	1392
406	1073
406	2791
407	443
407	2655
407	1638
407	2465
407	2622
407	1788
408	2066
408	875
408	1647
408	737
408	1856
408	3026
409	2953
409	3510
409	1259
409	849
409	1706
410	1941
410	520
410	1061
410	2127
410	3573
410	1106
411	1273
411	2433
411	2171
412	2580
412	1761
412	3266
412	3142
412	2682
412	1579
413	2024
413	1942
413	1844
413	1450
413	1520
414	1657
414	825
414	866
414	1650
414	3495
415	746
415	2719
415	642
415	2084
415	3041
415	1378
416	3028
416	3457
416	487
416	3016
416	2065
417	2792
417	745
417	3093
417	915
417	1501
418	1143
418	1212
418	1445
418	518
419	3395
419	2400
419	3039
419	2591
419	795
419	1348
420	830
420	3106
420	893
420	1762
420	2872
420	2903
421	2255
421	3587
421	3605
421	2980
421	3341
421	2427
422	2235
422	3300
422	1440
422	3256
422	570
422	1583
423	1188
423	2921
423	1816
423	2568
423	1425
423	3054
424	1559
424	1528
424	3117
424	3570
424	2993
424	2414
425	958
425	3042
425	3064
425	2243
425	2918
425	1660
426	2515
426	3434
426	430
426	2683
426	1684
427	704
427	1246
427	2201
427	1932
427	1564
428	1636
428	791
428	2596
428	3127
428	2587
428	3560
429	1592
429	1793
429	1121
429	2625
429	1964
430	1977
430	3434
430	3121
430	3053
431	2299
431	2254
431	1880
431	1749
431	1327
432	708
432	3181
432	2631
432	2040
433	2659
433	2840
433	3453
433	1433
433	2358
433	1771
434	938
434	838
434	1770
434	3428
434	3315
435	3051
435	3140
435	3249
436	2303
436	2586
436	663
436	1789
437	946
437	449
437	802
437	3089
437	3066
437	3298
438	2061
438	1777
438	1466
438	2240
438	1639
439	2910
439	1932
439	1857
439	3268
440	3547
440	2994
440	675
440	3208
440	1084
441	1227
441	1909
441	1791
441	2371
442	1908
442	1971
442	3586
442	1241
442	2660
442	2647
443	2166
443	2662
443	2655
443	2622
443	2992
444	833
444	2526
444	2020
444	1634
444	733
444	3064
445	1248
445	1281
445	947
445	664
446	2248
446	1693
446	3529
446	776
446	3351
447	2982
447	1318
447	3313
447	976
447	3099
448	2900
448	1332
448	3326
448	3508
448	2128
449	946
449	2343
449	2959
449	3066
450	1444
450	3451
450	2789
450	1749
450	637
450	2007
451	1225
451	1745
451	497
451	2099
452	3263
452	2053
452	559
452	549
452	2439
453	3535
453	1566
453	2351
453	2319
453	2494
453	1860
454	1179
454	1747
454	1002
454	2760
455	1149
455	1248
455	2794
455	2553
456	903
456	2472
456	3037
456	3475
456	824
456	1969
457	3158
457	2750
457	2258
457	1040
457	894
457	2830
458	1080
458	3581
458	1845
458	1003
458	3494
459	1089
459	3311
459	3443
459	2429
459	3049
460	1328
460	3106
460	893
460	2324
460	1406
460	2278
461	1618
461	3308
461	2809
461	827
461	2694
462	1230
462	3017
462	1813
462	2675
462	3114
463	2893
463	784
463	525
463	2236
463	2474
463	1452
464	1799
464	1922
464	3129
464	1157
464	1908
464	3586
465	3459
465	3229
465	3122
465	1250
465	475
465	3228
466	1492
466	2027
466	569
466	1389
466	2842
466	3038
467	3521
467	910
467	2426
467	2723
467	2305
467	2224
468	2737
468	3466
468	2489
469	1551
469	1949
469	2274
469	2541
470	817
470	1442
470	3043
470	2025
470	3547
471	811
471	1830
471	2338
471	2859
471	3027
472	1445
472	1790
472	628
472	2749
473	3068
473	567
473	1988
473	2382
474	3045
474	2162
474	2340
474	2963
474	2037
475	3459
475	1250
475	1453
475	2298
475	2615
476	2940
476	2015
476	1191
476	3348
476	2886
476	3033
477	1263
477	2931
477	2321
477	2782
478	1572
478	2197
478	1128
478	517
479	3308
479	966
479	3153
479	2148
479	2694
480	1051
480	897
480	3024
480	1449
480	2311
481	1011
481	1981
481	1220
481	819
481	2334
481	2141
482	755
482	1229
482	3075
482	826
482	1523
483	3384
483	3180
483	2721
483	3491
483	1688
483	3294
484	3369
484	1014
484	1213
484	722
484	1784
484	2331
485	3145
485	2349
485	2974
485	2057
486	1977
486	2432
486	3121
486	1486
486	3218
486	1081
487	3028
487	1951
487	3016
488	1999
488	3272
488	1912
488	3063
488	2573
488	2797
489	788
489	876
489	1351
489	3422
489	1436
489	542
490	3066
490	1961
490	1410
490	2255
490	3587
490	3298
491	871
491	2828
491	1780
491	2602
491	1903
491	2470
492	1265
492	3566
492	1280
492	2312
492	3468
492	1544
493	2770
493	987
493	2166
493	1180
493	2655
493	2930
494	2504
494	2238
494	3085
494	626
494	3108
494	3389
495	1980
495	1561
496	1209
496	3592
496	2895
496	2659
496	2026
496	3047
497	1225
497	2099
497	1277
497	1762
497	2646
498	2919
498	3080
498	3597
498	2636
498	3431
499	1832
499	945
499	1884
499	2296
499	3188
499	2150
500	2354
500	2514
500	2364
500	1709
500	1874
500	710
501	2772
501	895
501	1357
501	1212
502	3111
502	1634
502	3433
502	1137
502	733
503	2712
503	2720
503	3004
503	1262
503	1842
503	1920
504	3249
504	953
504	3126
504	3097
505	1506
505	2545
505	2653
505	2336
505	2977
505	1159
506	1894
506	3163
506	2483
506	1871
506	1598
506	3272
507	2241
507	1352
507	2769
507	3601
508	1389
508	2212
508	658
508	1109
509	1237
509	3436
509	1472
509	1794
509	1917
509	3264
510	1812
510	1855
510	1240
510	871
510	1939
510	2828
511	1658
511	3360
511	603
511	1399
511	1235
511	1422
512	2352
512	573
512	3221
512	2685
512	3390
512	1412
513	1775
513	3370
513	1456
513	711
513	856
514	1467
514	1809
514	3204
514	771
515	839
515	1568
515	2713
515	2583
515	2063
515	1734
516	1379
516	2757
516	2819
516	1934
516	1685
517	1128
517	857
518	1357
518	1143
518	1212
518	651
518	1550
519	2291
519	3175
519	1104
519	2736
519	997
520	2612
520	1941
520	2049
520	1680
520	3573
521	532
521	1745
521	764
521	3076
521	992
522	2030
522	1596
522	2957
522	1893
522	3023
522	2394
523	3150
523	1184
523	2727
523	1613
524	610
524	809
524	1132
524	3515
524	3598
524	2913
525	2893
525	784
525	3011
525	2376
526	3231
526	3561
526	1782
526	3502
526	2772
527	1984
527	1255
527	2088
528	1292
528	1841
528	2241
528	2355
529	2731
529	1074
529	3548
529	662
530	1019
530	765
530	2869
530	3180
531	974
531	1872
531	2984
531	715
531	1997
531	2933
532	1328
532	3299
532	1406
532	1745
532	3076
533	2422
533	1486
533	1090
533	1204
533	2484
533	2124
534	3163
534	845
534	2090
534	2428
534	1991
534	793
535	2250
535	3470
535	2126
536	625
536	3147
536	601
536	2656
537	1432
537	2050
537	2890
537	3407
537	2416
538	1614
538	2471
538	2308
538	3445
538	2035
538	1135
539	1400
539	924
539	2250
539	1324
539	1124
539	2448
540	3252
540	837
540	2318
540	1608
540	1584
540	3244
541	1066
541	896
541	2352
541	1668
541	1412
542	876
542	3422
542	3490
542	863
542	3472
543	795
543	3312
543	1360
543	2059
543	1178
544	2458
544	2929
544	687
544	1263
544	1914
545	2093
545	3509
545	1037
545	2221
545	3435
546	2544
546	3432
546	1176
546	2517
546	1421
546	2171
547	2017
547	2182
547	747
547	983
547	3003
547	3062
548	2449
548	1120
548	1944
548	3155
549	2053
549	669
549	775
549	2439
549	629
550	823
550	759
550	2773
550	1134
550	989
550	3194
551	1307
551	1264
551	645
551	2920
551	1424
552	1089
552	580
552	2518
552	2429
553	2693
553	2991
553	3466
554	2110
554	1314
554	1372
554	3226
554	3204
555	926
555	3059
555	2503
555	1876
555	3138
556	1694
556	2557
556	2984
556	3276
556	1997
557	1910
557	2252
557	1535
557	2322
557	3365
558	2432
558	1081
558	2220
558	2714
558	2609
559	3263
559	2594
559	1907
559	2439
559	2181
560	1851
560	2692
560	1116
560	2871
560	2337
561	658
561	897
561	3024
561	3356
561	3015
562	3415
562	1509
562	2129
562	1825
562	2246
562	1652
563	3269
563	2718
563	3135
563	2584
563	1402
564	1995
564	764
564	1392
564	1073
565	1289
565	3197
565	2041
566	1904
566	1534
566	2931
567	1609
567	3068
567	1151
567	1426
568	1500
568	1384
568	2757
568	3488
568	1457
568	2819
569	1492
569	2027
569	1051
569	3516
569	3320
570	2446
570	1440
570	1583
570	2618
571	2756
571	803
571	814
571	2878
571	1294
572	2800
572	920
572	3072
572	3383
572	1435
572	3608
573	2352
573	663
573	880
573	3221
574	1700
574	3001
574	2610
575	1308
575	1847
575	1139
576	1443
576	3153
576	1843
576	3032
576	1979
576	2705
577	3253
577	2130
577	3565
577	2185
577	2466
577	1998
578	3564
578	1462
578	2732
578	2481
578	2042
579	1588
579	2581
579	3035
579	951
580	685
580	2316
580	2518
580	3149
581	599
581	695
581	1293
581	1335
581	2167
581	2253
582	2191
582	3238
582	1841
582	2423
582	1929
583	2398
583	3000
583	644
583	1516
583	3209
584	891
584	2283
584	2643
584	2987
584	2051
585	1258
585	3237
585	1126
585	3183
586	862
586	1244
586	988
586	2437
586	934
586	2730
587	2912
587	2169
587	1641
587	831
587	2835
587	2467
588	2807
588	2578
588	3235
588	1158
588	1953
588	2627
589	2865
589	1117
589	2827
589	1206
589	2905
589	3184
590	1093
590	2350
590	1804
590	2294
591	3406
591	2299
591	2455
591	3137
591	3501
592	2638
592	720
592	2524
592	3203
593	1863
593	3359
593	2491
593	3025
593	2107
594	1711
594	2912
594	2357
594	757
595	1868
595	2089
595	1060
595	1966
595	2484
595	2456
596	3593
596	3450
596	1387
596	917
596	2564
596	3386
597	3244
597	2862
597	2018
597	2779
597	2699
598	703
598	3349
598	2313
598	3340
599	943
599	1180
599	2930
599	695
599	1293
600	2791
600	847
600	3030
601	2056
601	1640
601	2656
601	3567
602	2476
602	694
602	2114
602	864
602	2112
602	1617
603	1575
603	2237
603	2393
603	1399
603	1235
604	2780
604	2369
604	3357
604	2408
605	2075
605	1428
605	1415
605	3555
605	3544
606	3333
606	2539
606	1430
606	2366
607	3353
607	1356
607	3568
607	1476
607	3010
607	2998
608	1078
608	2175
608	1317
608	942
608	1451
609	968
609	2498
609	2443
609	3109
610	1882
610	809
610	3446
610	3515
610	1572
611	2613
611	804
611	2367
611	2005
612	2108
612	2707
612	2645
612	807
612	2551
612	644
613	3055
613	1948
613	903
613	2472
614	1149
614	2883
614	1030
614	2085
614	2794
615	3536
615	1902
615	2624
615	1538
615	1456
616	888
616	968
616	2958
616	2822
616	2300
617	763
617	3576
617	1778
617	3542
617	3595
617	2184
618	2654
618	1380
618	1665
618	3178
619	3517
619	3260
619	1760
619	1349
619	674
620	729
620	1798
620	1866
620	2229
620	2285
621	1280
621	2670
621	2692
621	3207
621	2871
621	1544
622	1710
622	1498
622	1852
622	900
622	904
622	2801
623	1843
623	3032
623	1291
623	813
623	2961
623	2706
624	2859
624	853
624	3214
624	2690
624	3362
625	1607
625	3147
625	1753
625	2656
626	2405
626	2188
626	3108
626	3389
626	2172
627	2381
627	1384
627	2355
627	2876
627	1457
628	1790
628	1804
628	3171
628	2749
629	775
629	2439
629	1429
629	2738
630	1319
630	3428
630	812
630	1173
630	1525
630	3315
631	1208
631	2157
631	2500
631	1131
631	1927
632	1077
632	1474
632	2509
632	2098
632	2892
633	1153
633	1257
633	851
633	2967
633	1673
634	1533
634	1607
634	1181
634	1146
634	1113
635	1015
635	3539
635	2232
635	3156
635	3385
636	2101
636	666
636	1601
636	2725
636	3190
637	1880
637	1749
637	2574
637	2510
637	2007
638	2235
638	770
638	3300
639	847
639	3030
639	1061
639	1106
639	1435
640	3467
640	1368
640	3520
640	1982
641	3535
641	2319
641	2335
641	3172
641	2064
642	746
642	3595
642	3041
642	2184
642	2889
643	2485
643	2943
643	810
643	3599
644	2645
644	2551
644	2398
644	1516
645	910
645	2920
645	1424
645	2723
646	2329
646	3581
646	1845
646	2402
646	3526
647	818
647	2058
647	3604
647	1820
647	1692
648	2644
648	3257
648	2975
648	1943
649	1007
649	3385
649	1901
649	1123
650	2642
650	815
650	1853
650	3413
650	922
650	1836
651	2380
651	1357
651	2583
651	2758
651	1550
652	3233
652	3339
652	1216
652	2254
652	1299
652	1327
653	799
653	1199
653	2569
653	1341
653	2409
654	2958
654	2300
654	1938
654	1520
654	889
654	2119
655	1587
655	2205
655	2889
655	3334
655	3527
655	3219
656	777
656	815
656	779
656	2577
656	2962
656	1836
657	2813
657	1531
657	3339
657	1216
657	2671
657	967
658	1109
658	2724
658	3356
659	3519
659	2722
659	3199
659	2562
659	2362
659	2597
660	3219
660	3125
660	880
660	1339
660	3221
661	1823
661	3083
661	3232
661	2363
661	3188
661	1764
662	2731
662	1385
662	1674
662	3463
663	2352
663	2586
663	1668
664	947
664	3319
664	2029
664	2210
665	3213
665	3531
665	2113
665	3438
665	1295
666	2101
666	3190
666	1851
666	2670
666	2692
667	2496
667	2419
667	2595
667	2333
668	2837
668	1260
668	1750
668	2965
668	2223
668	1071
669	2053
669	1067
669	2555
669	1800
669	775
670	2914
670	931
670	2492
670	1748
670	3582
670	2606
671	1680
671	3573
671	1358
671	1676
672	2231
672	1952
672	3325
672	2206
672	2265
672	3377
673	1895
673	1588
673	1738
673	3493
673	1028
674	1760
674	1349
674	2964
674	2991
674	1891
675	2994
675	890
675	1849
675	2384
675	1084
676	1824
676	781
676	1078
676	2279
676	1892
676	2763
677	1147
677	1529
677	1850
677	3420
678	884
678	718
678	3375
678	3481
678	2008
679	1589
679	845
679	3179
679	2966
679	701
679	2428
680	2329
680	697
680	1201
680	1683
680	3247
681	1833
681	1129
681	986
681	1675
681	1783
682	1087
682	1439
682	980
682	2625
682	1950
683	1581
683	3516
683	3320
683	826
683	2932
683	2106
684	2911
684	3112
684	1002
684	3590
685	2316
685	3082
685	3149
686	2328
686	879
686	2548
686	698
686	2417
686	2010
687	2929
687	3110
687	3101
687	1183
687	1914
688	1034
688	1602
688	2944
688	1022
688	2604
689	773
689	3503
689	2652
689	888
689	932
689	2822
690	3324
690	2677
690	3036
690	2325
690	778
691	2207
691	2293
691	3170
691	1666
692	946
692	2453
692	3230
692	802
692	1902
693	3240
693	2486
693	1259
693	1069
693	1821
693	3327
694	2476
694	1617
694	1341
695	1180
695	2167
695	2161
696	1562
696	2762
696	2577
696	1718
696	922
696	1836
697	1201
697	2155
697	1261
697	1111
698	2548
698	3473
698	2751
698	2417
698	2675
699	1819
699	2967
699	1545
699	753
699	1487
699	2047
700	828
700	1677
700	3559
700	3394
700	2831
701	1189
701	2966
701	715
701	2428
701	1598
702	1215
702	1856
702	3026
702	1439
702	2634
702	3013
703	3349
703	1985
703	3401
703	2475
704	2201
704	1932
704	850
704	1708
705	1522
705	1806
705	3084
705	3381
706	1315
706	3358
706	2506
706	2739
706	842
707	3354
707	2547
707	2755
707	3245
708	977
708	3181
708	2143
708	2631
708	1414
709	2580
709	3512
709	2517
709	3031
709	3142
710	1709
710	1874
710	1983
710	3085
710	1473
711	2233
711	2781
711	1775
711	2773
712	1354
712	2451
712	2883
712	2085
713	2873
713	2629
713	2222
713	1571
713	2152
714	3135
714	1402
714	3428
714	1173
715	1189
715	2966
715	1997
715	2933
716	1183
716	1465
716	1023
716	1306
716	3211
716	2704
717	972
717	1162
717	3553
717	3439
717	1678
718	3350
718	884
718	3375
719	2534
719	2178
719	2102
719	2327
719	2741
720	2638
720	1017
721	724
721	1193
721	1059
721	2183
721	1631
721	2147
722	1960
722	3369
722	2331
722	3182
722	2310
723	1493
723	1046
723	2678
723	1367
723	2025
723	1326
724	2022
724	1193
724	2183
725	3563
725	3414
725	2614
725	1142
725	1695
726	3141
726	1347
726	1286
726	2795
727	2537
727	2155
727	3225
727	1526
728	2333
728	798
729	948
729	1130
729	1615
729	1798
729	1866
730	2623
730	3412
730	3534
730	2592
730	2752
730	1217
731	1127
731	3398
731	1076
731	1385
731	1674
731	1547
732	1122
732	3353
732	3248
732	1004
732	3568
732	3258
733	1634
733	958
733	3064
734	3321
734	2399
734	3288
734	1218
734	3224
734	1767
735	1573
735	2767
735	1115
735	2142
735	1530
735	2925
736	1270
736	1485
736	2092
736	2799
736	1840
737	1858
737	2066
737	1370
737	1647
738	941
738	2634
738	2629
738	1741
738	2152
739	3021
739	2554
739	1102
740	1984
740	3469
740	2676
740	1255
740	3397
740	767
741	3529
741	2128
741	2836
741	2156
742	2799
742	1646
742	1840
742	1944
742	2161
743	1689
743	1831
743	3196
744	3467
744	1335
744	1919
744	2167
745	3077
745	915
745	2489
746	1378
746	2889
746	3334
746	1518
747	3003
747	989
747	3194
747	1313
747	3062
748	1873
748	1514
748	2169
748	1796
748	1375
749	3165
749	1569
749	2200
749	2971
749	2865
749	2827
750	3540
750	1681
750	762
750	3543
750	2115
750	3199
751	2242
751	3290
751	787
751	2667
751	1727
752	3579
752	2012
752	1129
752	986
752	3347
753	1545
753	2480
753	2301
753	1487
753	3514
754	2019
754	1559
754	1528
754	2983
754	2761
755	3310
755	1229
755	3174
755	2072
755	1523
756	2023
756	2911
756	2926
756	1739
756	3537
756	3549
757	2912
757	2357
757	1641
757	3160
758	2875
758	1700
758	1834
758	2728
758	3558
758	1398
759	823
759	2781
759	2773
759	2302
759	2560
760	1288
760	1423
760	2431
760	2249
760	3056
761	3281
761	3164
761	1555
761	855
761	1122
762	3263
762	3540
762	2594
762	3199
762	2597
763	2327
763	3576
763	2184
763	2205
764	1995
764	3076
764	992
765	1019
765	998
765	835
765	2620
765	2869
766	1196
766	3291
766	2567
766	2823
766	2879
766	1407
767	1984
767	3469
767	2457
767	2956
767	2209
768	2767
768	1025
768	3335
768	3296
768	1488
768	2742
769	2848
769	3020
769	1148
769	3518
769	2650
769	2179
770	813
770	2464
770	3363
770	3300
771	2074
771	1809
771	1958
771	2800
772	2717
772	1999
772	2636
772	2797
772	1052
772	3431
773	3093
773	2887
773	3503
773	1501
773	2652
774	3022
774	2747
774	1041
774	2818
774	1475
774	2804
775	1800
775	1881
775	1429
776	3186
776	3529
776	1787
776	2836
776	3351
777	1907
777	2181
777	815
777	2708
777	779
778	2677
778	1549
778	2325
778	3092
778	1625
779	1907
779	2009
779	3251
779	2962
780	1089
780	3443
780	3303
780	3337
780	2518
780	3008
781	1824
781	1409
781	1606
781	1892
782	1527
782	2917
782	3439
782	2461
782	1678
783	3461
783	1455
783	3277
784	2234
784	2236
785	1123
785	3161
785	2072
785	3541
786	1703
786	3429
786	1687
786	3330
786	2988
787	3323
787	2242
787	2667
787	2815
787	1741
788	2549
788	2193
788	876
788	1351
789	1397
789	839
789	1336
789	1568
790	973
790	3060
790	874
790	3078
790	2806
791	835
791	1636
791	2869
791	1737
791	2596
792	1275
792	3193
792	1825
792	3454
792	875
793	845
793	3497
793	1865
793	3584
793	1991
794	1023
794	2266
794	2704
794	3469
794	2676
795	2591
795	1348
795	3312
796	965
796	2068
796	1862
796	3374
796	860
796	1722
797	1667
797	1715
797	2452
797	2775
797	2196
797	811
798	1261
798	2333
798	2841
798	3225
799	3115
799	1935
799	1199
799	1341
800	3507
800	3292
801	2857
801	2919
801	2717
801	1670
801	2636
802	946
802	1902
802	2624
802	3089
803	2756
803	809
803	1970
803	3446
803	1294
804	840
804	2613
804	1622
805	2774
805	2516
805	2956
805	2088
806	1889
806	817
806	3484
806	1046
806	1940
807	2952
807	3079
807	2707
807	2645
807	2992
808	1155
808	3506
808	1489
808	2208
808	2946
809	2756
809	1132
809	3446
810	2485
810	2943
810	3521
810	910
810	2920
811	2775
811	2196
811	1830
811	2338
812	1319
812	2445
812	3123
812	3315
813	2961
813	2706
813	2464
813	3363
814	2756
814	2657
814	1296
814	3580
815	2642
815	2708
815	1836
816	1332
816	1693
816	2082
816	1437
816	2558
817	1046
817	1442
817	1940
817	2025
818	3433
818	1137
818	2058
818	3604
819	1220
819	3430
819	2141
819	2315
819	1857
820	3222
820	3090
820	882
820	2244
820	1016
820	997
821	2363
821	1884
821	2812
821	3343
822	1961
822	2954
822	3073
822	3587
822	1297
822	3605
823	1540
823	2970
823	2302
823	3194
824	3475
824	3018
824	3212
824	3005
824	1969
825	2180
825	1657
825	2412
825	3495
826	3075
826	2932
826	1523
826	2106
827	1618
827	3421
827	1035
827	2054
828	1793
828	1677
828	1950
828	3597
829	930
829	1038
829	1534
829	2458
829	1263
830	893
830	2872
831	2835
831	2529
831	1187
831	2467
832	867
832	1459
832	3124
832	1334
832	2302
832	2560
833	2989
833	995
833	2020
833	1634
833	2528
834	1768
834	2710
834	970
835	954
835	2620
835	2869
835	1737
836	1365
836	968
836	932
836	2822
836	2443
837	3607
837	3252
837	2136
837	2318
838	938
838	3154
839	1568
839	2713
840	1309
840	1622
840	2256
841	3419
841	3028
841	3365
841	3477
842	1315
842	3358
842	1246
842	921
842	1578
843	2122
843	2111
843	3006
843	2575
843	906
844	3052
844	2396
845	3179
845	3497
845	2428
846	2330
846	2134
847	3030
847	3072
847	1435
848	1527
848	1780
848	3328
848	2234
848	3594
849	2953
849	2471
849	3445
849	978
850	2910
850	2268
850	2649
850	1932
851	2375
851	3053
851	1673
852	3480
852	1864
852	2451
852	2883
852	1030
852	3410
853	2859
853	2459
853	1595
853	3362
853	2839
854	1115
854	3552
854	3295
854	1409
854	2882
854	1064
855	1820
855	3164
855	1555
855	3119
856	3536
856	1055
856	1786
856	1456
857	923
858	1054
858	1505
858	1511
858	3034
858	951
858	3498
859	1799
859	1245
859	1971
859	3586
860	2788
860	2068
860	1740
860	1722
861	1238
861	1577
861	3574
861	2777
862	1497
862	988
862	934
862	1033
862	1101
863	3422
863	1691
863	1642
863	3472
863	2786
864	2114
864	3524
864	1311
864	2112
864	2395
865	2190
865	1698
865	3449
865	928
865	3307
866	2700
866	1650
866	2032
866	3495
866	3286
867	3391
867	2546
867	1459
867	2492
867	1334
868	1585
868	2413
868	2575
869	2268
869	3322
869	1269
869	3189
869	2867
870	1346
870	1460
870	1430
870	1395
870	2825
871	1812
871	3131
871	2828
871	1903
872	1887
872	2340
872	979
872	3425
872	2963
874	1621
874	3060
874	1031
874	1612
875	1275
875	2066
875	3454
875	3026
876	2337
876	3490
877	3518
877	3470
877	1219
877	2126
877	3355
877	2179
878	881
878	2447
878	1085
878	1838
878	1274
879	2001
879	2941
879	2328
879	2548
879	1364
880	3527
880	3219
880	3221
881	2060
881	1098
881	2447
881	1085
882	3087
882	3018
882	3090
882	2244
882	1471
883	2277
883	3583
883	3096
883	2125
884	1195
884	3350
884	1553
884	3481
885	2787
885	1985
885	2475
885	2325
885	3092
886	1177
886	2735
886	2228
886	2227
886	2635
887	1563
887	1710
887	3342
887	900
887	3352
888	3503
888	1844
888	2822
888	2300
889	1450
889	1520
889	2119
889	1505
889	3034
890	2939
890	1915
890	2994
890	2384
890	3528
891	2283
891	2523
891	2051
892	3420
892	3405
892	1553
892	3130
892	1807
893	3106
893	2324
894	3165
894	2750
894	2016
894	2703
894	2830
895	2216
895	2772
895	2380
895	1357
896	1066
896	2335
896	1668
896	2002
897	2027
897	1051
897	3024
898	1960
898	1165
898	2070
898	2135
898	1403
898	3366
899	2157
899	1131
899	1659
899	964
899	1202
900	1710
900	3259
900	2801
900	3352
901	3177
901	2770
901	987
901	2195
901	1646
902	2378
902	1166
902	1574
902	3417
902	1028
903	2472
903	3475
904	1498
904	2665
904	2878
904	2801
905	2977
905	1159
905	2618
905	914
905	1247
906	3079
906	2645
906	2122
906	3006
906	2398
907	1198
907	1100
907	3386
907	931
907	3318
907	1649
908	2186
908	2305
908	2768
908	2688
908	1027
908	3496
909	2505
909	1578
909	1564
909	1757
910	3521
910	2920
910	2723
911	2463
911	1353
911	2603
911	2833
911	2593
911	1463
912	1005
912	3314
912	1717
912	3248
912	1382
912	1004
913	1502
913	3464
913	3251
913	2194
913	3588
913	2962
914	2960
914	2618
914	1247
914	3289
914	3215
915	1266
915	2792
915	3077
915	1152
916	1054
916	2850
916	2267
916	1063
916	1888
916	3498
917	3169
917	3593
917	2170
917	1387
917	2796
918	2661
918	2566
918	1267
918	3128
918	1519
918	2814
919	1068
919	2969
919	1424
919	2230
920	1809
920	3100
920	3183
920	2800
920	3072
921	1315
921	2505
921	1578
922	3413
922	2762
922	1836
922	1810
923	3262
923	1990
924	1400
924	2250
924	3261
925	2614
925	3260
925	1695
925	2561
926	1815
926	1878
926	3059
926	960
926	3138
927	1306
927	2261
927	1730
927	2733
927	2457
927	2209
928	3478
928	3449
928	1812
928	3307
928	3131
929	2220
929	2609
929	2855
929	1795
929	3118
930	3139
930	3132
930	976
930	1038
930	1534
931	1100
931	2914
931	1649
931	2606
932	2650
932	2652
932	1365
932	2822
933	2418
934	2730
934	2190
934	1101
935	1292
935	2876
935	2753
936	993
936	2460
936	2434
936	2359
937	2471
937	1135
937	978
937	3050
937	3243
937	2552
938	2003
938	3477
938	1770
939	2545
939	1490
939	1159
939	1247
939	1829
939	1214
940	3009
940	2197
940	1848
940	1418
940	1141
940	3234
941	1729
941	1215
941	2410
941	2634
942	2981
942	1504
942	2488
942	1451
943	2930
943	1408
943	2111
943	1293
944	3430
944	2290
944	956
944	1558
944	2482
944	3268
945	2251
945	1832
945	1808
945	2150
946	2343
946	2453
947	1281
947	3319
947	1859
948	1010
948	1130
948	1798
949	990
949	1099
949	1603
949	2087
949	2611
950	1461
950	1009
950	2616
951	1511
951	2581
951	3035
951	3498
952	1419
952	3130
952	3143
952	1723
952	2387
953	3126
953	1330
953	2746
953	2218
953	3097
954	1938
954	2620
954	2119
954	1737
954	3086
955	1426
955	1186
955	1170
955	3359
955	2691
956	2910
956	2649
956	2482
956	3268
957	1374
957	1097
957	2565
957	1756
957	2637
957	1301
958	3064
958	1373
958	1660
959	981
959	1375
959	2947
959	2095
959	1187
959	2467
960	1878
960	2292
960	3461
960	3138
961	3212
961	1139
961	3005
962	1346
962	1395
962	1921
962	1309
962	999
963	2368
963	2738
963	2642
963	2766
963	2708
964	1131
964	3246
964	1659
964	1413
965	2081
965	2605
965	2068
965	1862
966	1085
966	1443
966	3153
967	1216
967	2671
967	2798
967	2455
967	3501
968	2822
968	2443
970	1768
970	2710
970	2080
971	2896
971	3220
971	2983
971	2680
971	2356
971	2160
972	2497
972	1682
972	3058
972	1162
972	3553
973	1208
973	2719
973	2214
973	3060
973	3078
974	3485
974	1658
974	2225
974	1872
974	2933
975	2321
975	2266
975	1763
975	2782
975	1726
975	2771
976	3139
976	3132
976	3313
977	1640
977	1482
977	3168
977	3181
977	2143
978	2953
978	2471
978	1029
978	3050
979	1887
979	1221
980	1439
980	1571
980	1592
980	2625
980	3013
981	1094
981	2947
981	3274
981	2219
981	1187
982	1242
982	3486
982	3265
983	2017
983	1601
983	2725
983	2014
983	3062
984	2227
984	2403
984	2661
984	3161
984	2814
985	1834
985	2264
985	2728
985	1974
985	2238
985	1243
986	3579
986	1129
986	1783
986	3103
987	2770
987	1180
987	1646
988	2105
988	3067
988	1244
988	1497
989	1134
989	3242
989	3194
989	1313
990	1001
990	1175
990	2611
991	2873
991	1133
991	1330
992	2295
993	1769
993	1207
993	3388
993	2434
994	1054
994	2267
994	1450
994	2540
994	1505
995	2236
995	2989
995	2372
995	2020
995	1452
996	1045
996	3321
996	1218
996	2462
997	3090
997	3175
997	2736
997	1016
998	3546
998	1019
998	1954
998	2620
999	1395
999	1110
1000	1449
1000	1241
1000	2311
1000	3575
1000	2415
1000	1202
1001	1184
1001	2688
1001	2224
1001	2611
1002	1179
1002	1802
1002	3112
1003	1153
1003	1992
1003	1257
1003	3494
1004	1228
1004	3353
1004	3248
1004	1382
1005	1848
1005	3395
1005	2591
1005	3314
1005	1717
1006	1775
1006	1079
1006	3370
1006	1151
1006	1196
1006	2823
1007	3385
1007	2213
1007	1517
1008	3349
1008	3002
1008	1062
1008	3401
1009	1758
1009	1272
1009	1461
1009	3408
1009	2616
1010	1130
1010	1532
1010	2440
1011	3149
1011	1712
1011	1981
1011	1220
1012	1393
1012	1065
1012	2450
1012	3157
1013	1356
1013	2715
1013	2453
1013	1363
1013	3230
1014	3387
1014	2960
1014	1213
1014	3215
1014	1784
1015	2232
1015	1478
1015	3156
1016	3222
1016	1669
1016	3175
1016	2215
1017	2202
1017	2638
1017	1354
1018	1739
1018	2727
1018	1613
1018	1312
1018	2512
1018	1543
1019	3384
1019	1954
1019	3180
1020	1818
1020	2433
1020	1666
1020	2468
1020	3442
1021	1138
1021	1778
1021	1112
1021	2055
1021	3595
1021	3041
1022	1602
1022	2604
1022	1209
1022	2672
1022	2026
1023	1183
1023	1914
1023	2704
1024	1624
1024	1287
1024	1266
1024	3069
1024	1152
1025	1573
1025	2744
1025	2767
1025	3335
1026	1108
1026	2968
1026	1329
1026	3169
1026	2805
1027	2768
1027	3048
1027	3496
1027	3094
1028	3417
1028	3493
1029	2953
1029	1069
1029	3050
1030	1149
1030	3480
1030	2883
1030	3332
1031	1612
1031	2261
1031	3211
1032	2531
1032	3214
1032	1495
1032	3362
1032	3173
1033	1497
1033	2146
1033	1232
1033	2852
1033	1101
1034	2391
1034	3182
1034	2310
1034	1602
1034	2944
1035	2054
1035	2776
1035	1774
1035	3504
1036	1249
1036	2496
1036	2164
1036	1150
1036	2841
1036	1111
1037	3509
1037	2218
1037	3097
1037	2909
1038	3139
1038	2972
1038	1383
1038	2458
1039	1913
1039	1161
1039	3238
1039	2401
1039	2411
1040	1546
1040	2258
1040	1935
1040	1721
1040	2830
1041	1154
1041	2747
1041	1390
1041	2818
1041	2936
1042	3602
1042	1256
1042	2820
1042	1879
1042	2582
1042	3302
1043	1653
1043	2343
1043	2715
1043	2995
1044	3104
1044	2121
1044	3301
1044	2401
1044	2937
1045	3321
1045	2462
1045	2523
1046	1493
1046	3484
1046	2025
1047	1110
1047	2945
1047	3231
1047	2069
1047	1782
1048	3345
1048	3282
1048	1687
1048	2571
1048	1719
1048	2988
1049	2390
1049	2885
1049	1794
1049	2133
1049	2514
1049	2364
1050	3089
1050	2132
1050	2255
1050	3298
1050	1479
1050	3341
1051	2027
1051	3516
1052	2797
1052	1671
1052	3394
1052	3431
1053	2201
1053	1708
1053	1481
1053	2868
1053	1869
1054	2267
1054	1505
1054	3498
1055	3010
1055	2998
1055	3536
1055	1786
1056	2951
1056	3190
1056	3566
1056	1280
1056	2670
1057	2217
1057	1099
1057	3562
1057	3474
1058	1873
1058	2896
1058	2356
1058	3570
1059	1988
1059	1193
1059	2691
1059	3025
1059	2147
1060	1114
1060	1868
1060	2089
1060	1996
1060	2006
1061	1590
1061	1941
1061	3030
1061	1106
1062	3061
1062	2740
1062	3002
1062	1283
1063	1166
1063	1888
1063	2581
1063	3498
1064	3295
1064	2941
1064	1409
1064	1606
1064	1364
1065	1393
1065	1712
1065	1981
1065	2450
1066	2159
1066	3057
1067	2199
1067	2096
1067	2555
1067	1800
1068	1699
1068	2405
1068	2969
1068	1424
1069	2953
1069	1259
1069	3327
1070	1116
1070	1104
1070	2337
1070	3490
1070	1072
1070	2203
1071	2965
1071	2223
1071	2511
1071	1618
1071	2809
1072	3490
1072	3472
1072	2570
1072	2203
1073	2424
1073	2791
1073	1590
1074	2731
1074	2382
1074	3548
1075	2056
1075	1474
1075	3567
1075	3331
1075	1644
1076	1127
1076	1547
1076	2870
1076	1654
1077	1751
1077	2986
1077	1474
1077	2509
1078	2175
1078	1317
1078	2279
1078	1892
1079	3370
1079	2281
1079	1609
1079	1151
1080	3581
1080	3247
1080	3143
1081	2432
1081	1486
1081	1204
1082	2538
1082	1656
1082	3267
1082	1643
1082	1109
1083	2542
1083	2256
1084	1849
1084	2536
1084	3208
1084	1743
1085	1443
1086	2200
1086	1427
1086	2827
1086	3184
1087	1647
1087	3080
1087	1856
1087	1439
1088	3596
1088	2029
1088	1381
1088	3306
1088	3229
1088	3122
1089	3443
1089	2518
1089	2429
1090	3434
1090	2422
1090	3121
1090	1486
1090	1304
1091	1811
1091	2979
1091	2034
1092	3324
1092	1300
1092	3036
1092	2639
1093	2758
1093	1550
1093	1965
1093	2350
1094	1732
1094	3296
1094	2947
1094	2239
1094	2219
1095	1376
1095	1455
1095	1181
1095	2503
1095	3277
1096	2391
1096	1602
1096	1883
1096	2168
1096	2672
1096	1167
1097	1374
1097	1335
1097	1919
1097	2253
1097	1301
1098	2060
1098	2438
1098	3444
1098	1236
1098	2447
1099	1603
1099	3202
1099	3474
1100	1360
1100	1198
1100	2059
1100	2914
1101	2852
1101	1169
1102	3120
1102	2554
1102	2502
1103	1759
1103	3534
1103	3112
1103	3590
1103	2607
1103	2444
1104	2291
1104	1116
1104	2203
1105	2326
1105	1853
1105	3552
1105	2925
1105	3413
1106	2127
1106	1747
1107	1733
1107	3572
1107	3371
1107	2048
1108	2462
1108	2968
1108	1990
1109	1656
1109	2724
1110	1768
1110	2069
1111	1249
1111	1201
1111	1261
1111	2841
1112	2538
1112	1656
1112	1138
1112	2055
1113	1533
1113	1181
1114	2089
1114	1996
1114	3151
1114	2192
1114	3280
1115	2142
1115	3552
1115	2925
1115	2882
1116	2291
1116	2871
1116	2337
1117	1270
1117	2598
1117	2865
1117	1206
1118	3146
1118	2406
1118	2359
1118	1890
1118	2456
1118	2550
1119	3288
1119	1125
1119	1145
1119	3392
1119	1521
1120	2449
1120	2898
1120	3155
1121	1508
1121	1470
1121	1793
1121	1677
1121	1964
1122	3281
1122	1555
1122	3248
1122	3258
1123	2454
1123	3541
1124	1324
1124	2448
1124	2498
1124	2443
1125	1252
1125	2399
1125	3288
1126	3237
1126	3100
1126	3226
1126	3183
1127	1342
1127	3398
1127	1654
1128	1882
1128	1572
1128	2589
1129	2012
1129	1833
1129	1600
1130	1615
1130	2440
1131	2157
1131	1927
1132	2756
1132	3580
1132	3372
1132	2913
1133	1330
1133	2178
1133	2746
1133	3136
1134	2233
1134	2773
1134	3242
1134	3291
1135	1614
1135	1593
1135	2471
1135	3243
1136	3326
1136	2785
1136	1386
1137	3111
1137	3433
1137	1653
1137	2058
1138	2538
1138	1968
1138	1778
1138	2535
1139	3087
1139	1847
1139	3005
1140	1822
1140	2633
1140	3479
1140	3123
1141	3009
1141	1861
1141	2726
1141	3234
1142	1725
1142	1481
1142	3563
1142	1757
1143	1445
1143	1550
1143	1790
1144	2924
1144	1367
1144	2893
1144	3011
1144	1483
1144	1192
1145	3288
1145	3224
1145	1276
1145	1521
1146	1607
1146	2499
1146	3456
1147	3486
1147	3265
1147	1477
1147	1850
1148	2737
1148	3020
1148	3518
1148	1234
1148	3336
1149	2794
1149	2553
1149	3332
1150	1567
1150	1249
1150	1477
1150	2164
1150	1850
1151	1609
1151	3068
1151	1196
1152	1266
1152	3069
1152	2792
1152	2052
1153	1723
1153	1257
1154	3465
1154	2263
1154	1803
1154	1390
1154	2936
1155	2208
1155	3478
1155	2880
1155	1855
1156	1203
1156	1561
1157	1922
1157	3129
1157	1318
1157	1679
1157	3166
1158	1582
1158	1434
1158	1953
1158	2627
1159	2545
1159	2977
1159	1247
1160	2345
1160	1949
1160	1594
1160	1776
1160	1537
1160	3344
1161	3022
1161	1913
1161	2818
1161	3102
1161	2411
1162	3058
1162	1861
1162	2726
1163	2180
1163	1707
1163	2383
1163	2412
1163	2533
1164	2674
1164	3280
1164	1728
1164	1498
1164	1852
1165	1960
1165	3369
1165	2339
1165	2070
1165	1599
1166	1316
1166	1574
1166	1888
1167	2168
1167	1484
1167	2672
1167	1433
1167	2358
1168	2101
1168	1601
1168	2014
1168	2549
1168	2193
1168	2901
1169	1489
1169	2852
1169	2208
1169	3449
1170	3200
1170	1976
1170	1186
1170	3359
1171	1881
1171	1429
1171	1484
1171	1433
1171	1771
1172	3375
1172	1751
1172	1548
1172	2509
1172	1936
1173	1972
1173	3428
1173	1525
1174	2982
1174	2513
1174	1720
1174	1994
1174	3099
1174	2669
1175	3565
1176	1273
1176	3286
1176	3432
1176	2171
1177	3520
1177	3155
1177	2735
1178	1350
1178	3391
1178	2059
1178	2546
1179	3383
1179	1747
1179	1802
1180	2930
1181	1376
1182	1271
1182	2298
1182	2615
1182	1314
1182	2927
1182	1911
1183	3101
1183	1465
1183	1914
1184	2426
1184	3150
1184	2224
1185	1260
1185	1462
1185	3379
1185	3571
1185	2204
1186	2729
1186	1426
1186	1976
1187	3274
1187	2529
1187	2467
1188	2091
1188	2997
1188	1816
1188	3054
1189	3276
1189	1997
1189	2483
1189	1598
1190	1271
1190	2861
1190	1911
1190	2317
1191	2698
1191	2015
1191	3348
1192	2893
1192	2536
1192	1483
1192	3206
1192	2474
1193	1988
1194	2821
1194	1859
1195	3350
1195	2385
1195	1242
1195	3405
1195	1553
1196	3068
1196	2567
1196	2823
1197	3404
1197	2753
1197	3195
1197	2365
1197	2745
1197	2834
1198	1360
1198	3450
1198	3386
1199	1935
1199	1721
1199	2569
1199	2465
1200	3515
1200	3058
1200	3598
1200	3009
1200	1861
1201	1249
1201	1683
1201	1529
1202	1449
1202	2415
1202	1659
1203	2525
1203	1561
1203	1253
1204	1486
1204	1868
1204	2484
1205	2854
1205	3017
1205	3368
1206	1446
1206	3532
1206	2905
1207	2601
1207	3303
1207	3388
1207	3008
1208	2500
1208	2214
1208	1927
1208	3060
1209	2604
1209	3592
1209	3117
1209	2026
1210	3603
1210	2146
1210	3273
1210	3506
1210	1489
1210	2852
1211	2808
1211	3364
1211	1262
1211	1736
1211	1846
1212	1357
1213	3369
1213	2339
1213	1829
1213	3215
1214	1490
1214	1651
1214	2339
1214	1829
1214	1599
1215	1729
1215	3454
1215	3026
1215	2634
1216	3339
1216	2254
1216	3501
1217	2592
1217	2076
1217	2752
1217	1542
1217	2374
1218	3321
1218	1404
1218	1767
1219	3470
1219	2448
1219	1365
1219	2179
1220	2315
1221	2955
1221	1632
1222	1577
1222	1300
1222	2777
1222	2843
1222	3217
1222	3279
1223	2570
1223	1702
1223	2260
1223	2571
1223	1719
1224	3129
1224	1908
1224	2660
1224	3139
1224	2972
1225	1328
1225	3106
1225	1745
1225	1762
1226	1697
1226	2682
1226	1896
1226	2603
1226	2252
1226	1535
1227	2371
1227	2113
1227	3471
1227	3250
1228	3353
1228	1382
1228	1476
1228	3462
1228	3239
1229	2176
1229	3174
1230	3510
1230	1813
1230	1706
1230	3114
1231	1387
1231	2048
1231	2564
1231	1628
1231	2404
1232	1497
1232	2146
1232	2131
1232	3118
1233	1845
1233	3526
1233	1750
1233	2223
1233	3494
1233	1906
1234	2737
1234	3336
1235	3360
1235	3292
1235	2393
1236	2060
1236	3564
1236	1462
1236	3444
1236	3379
1237	3436
1237	2099
1237	1794
1237	2133
1238	1467
1238	2677
1238	3574
1238	1672
1239	3425
1239	1619
1239	3048
1239	2619
1239	3094
1240	2880
1240	1855
1240	3396
1240	1939
1241	1971
1241	3575
1241	2415
1241	2647
1242	2385
1242	3486
1242	3405
1243	1974
1243	2238
1243	2028
1243	3389
1244	2105
1244	1996
1244	2437
1244	3151
1245	3075
1245	1971
1245	3575
1246	3358
1246	1578
1246	1564
1247	1829
1247	3215
1248	2103
1248	2553
1249	1529
1249	1850
1250	3228
1250	2615
1250	2110
1251	1541
1251	1920
1251	1846
1251	2579
1251	2787
1251	3427
1252	1624
1252	2283
1252	1287
1253	1980
1253	2525
1253	1561
1253	2419
1253	2595
1254	1814
1254	2348
1254	1289
1254	3197
1255	1984
1255	3052
1255	3397
1256	1475
1256	1746
1256	2820
1256	2908
1256	3302
1257	1992
1257	1819
1257	2967
1258	2923
1258	1704
1258	3237
1258	1662
1259	2953
1259	2486
1259	3510
1260	2837
1260	3571
1260	2965
1260	2204
1261	2155
1261	2841
1261	3225
1262	3004
1262	2808
1262	1920
1262	1846
1263	2458
1264	1307
1264	1630
1264	3556
1264	2701
1265	2948
1265	3566
1265	2587
1265	3309
1265	3468
1266	2964
1266	3077
1267	2081
1267	2270
1267	3128
1267	1519
1268	1308
1268	1886
1268	2038
1269	2268
1269	2062
1269	3189
1270	2598
1270	1840
1271	2408
1271	2298
1271	1911
1272	1758
1272	2520
1272	2139
1272	1377
1272	3408
1273	3448
1273	2171
1274	1838
1274	2389
1275	3193
1275	2608
1275	2066
1276	2868
1276	1521
1276	1869
1277	2824
1277	1762
1277	2646
1277	2903
1277	2123
1278	2878
1278	1294
1278	3259
1278	3091
1278	2851
1278	2801
1279	3361
1279	1885
1279	1468
1280	3566
1280	2670
1280	1544
1282	2185
1282	2217
1282	2466
1282	3465
1282	1803
1283	1633
1283	2579
1283	2740
1283	3002
1284	2886
1284	3364
1284	3033
1284	1736
1284	2829
1284	2881
1285	1824
1285	1606
1285	2548
1285	1524
1285	1364
1285	3473
1286	2527
1286	3304
1286	2795
1286	2425
1287	1624
1287	2283
1287	2643
1287	3069
1288	3549
1288	2431
1288	1312
1289	3197
1290	1945
1290	2888
1290	3000
1290	1516
1291	2521
1291	2148
1291	1843
1291	1441
1291	2706
1292	2753
1292	3195
1293	2097
1293	2253
1294	1970
1294	2878
1294	2851
1295	3531
1295	2113
1295	3471
1295	1405
1296	2154
1296	2045
1296	2665
1296	2657
1297	3073
1297	2360
1297	1303
1297	3605
1297	2286
1298	1626
1298	3561
1299	3233
1299	2370
1299	1362
1299	2789
1299	1327
1300	1577
1300	3036
1300	2639
1300	3217
1301	2145
1301	1368
1301	1919
1301	2565
1302	2543
1302	2619
1302	1603
1302	3202
1302	2784
1303	2360
1303	3530
1303	3411
1303	3071
1303	2286
1304	3434
1304	2422
1304	2683
1304	2921
1304	1987
1305	2116
1305	2806
1305	2934
1305	2151
1305	1827
1306	2261
1306	3211
1306	2704
1306	2457
1307	1358
1307	1630
1307	2943
1307	2920
1308	1847
1308	2272
1308	1886
1309	1346
1309	1921
1309	1622
1309	2256
1310	1417
1310	2477
1310	1563
1310	1710
1310	1852
1311	3524
1311	3282
1311	3500
1311	3065
1311	2395
1312	1739
1312	3549
1312	2431
1312	2512
1313	3242
1313	3062
1313	2262
1313	2118
1314	2615
1314	2110
1314	2927
1314	1372
1315	2506
1316	1649
1316	1923
1316	2606
1316	1574
1316	1888
1317	2211
1317	2279
1317	1777
1318	3129
1318	2982
1318	1679
1319	1744
1319	3123
1319	1525
1319	2556
1320	1817
1320	2193
1320	3152
1320	1536
1320	2901
1320	1351
1321	1533
1321	3147
1322	2153
1322	1948
1322	2541
1322	1552
1323	2485
1323	2023
1323	3521
1323	2426
1323	3537
1323	3150
1324	1400
1324	1993
1324	2498
1325	1977
1325	1545
1325	2480
1325	3053
1325	1673
1325	3218
1326	1367
1326	2025
1326	3208
1326	1483
1327	2254
1327	2789
1327	1749
1328	3106
1328	1406
1328	1745
1329	2968
1329	1557
1329	3169
1329	1839
1329	3593
1330	2873
1330	3126
1330	2746
1331	3202
1331	2784
1331	3474
1331	3104
1331	1772
1331	3301
1332	3326
1332	1693
1333	2979
1333	1934
1333	1539
1333	2976
1333	1685
1334	3391
1334	3462
1334	3239
1334	3124
1335	1919
1335	2167
1335	2253
1336	1974
1336	2028
1336	1397
1336	1568
1336	3275
1337	2309
1337	2031
1337	1373
1337	3393
1337	3585
1337	1420
1338	2282
1338	3040
1338	1865
1338	1991
1338	2978
1339	3125
1339	3426
1339	1735
1339	3221
1339	2685
1340	2432
1340	2480
1340	3218
1340	2220
1340	3514
1340	2855
1342	2022
1342	3398
1342	1947
1342	3019
1343	1548
1343	3105
1343	2346
1343	2008
1343	1930
1343	2734
1344	2519
1344	1404
1344	2867
1344	2083
1344	3103
1345	3012
1345	2996
1345	2653
1345	2313
1345	1396
1346	1460
1346	1395
1346	1622
1347	2934
1347	3600
1347	3426
1348	3039
1348	1391
1348	3312
1348	1713
1349	2964
1350	3314
1350	3391
1350	1382
1350	3462
1351	1817
1351	2193
1351	1436
1352	3195
1352	2365
1352	3270
1352	3601
1353	1823
1353	1910
1353	2603
1353	2252
1353	2833
1355	2696
1355	1701
1355	2807
1355	2864
1355	3007
1356	3568
1356	1363
1356	3230
1356	2998
1357	2380
1358	1630
1358	2943
1359	2996
1359	2765
1359	1396
1359	1490
1359	2100
1359	1651
1360	3312
1360	2059
1361	2686
1361	1663
1361	2129
1361	2198
1361	1503
1362	3451
1362	2370
1362	2468
1362	1755
1362	2789
1363	1897
1363	3568
1363	3258
1364	2941
1364	1606
1364	2548
1365	2650
1365	2179
1366	1724
1366	1864
1366	2202
1366	2451
1366	3423
1367	2678
1367	2924
1367	1483
1368	3467
1368	2145
1368	1919
1368	1982
1369	3387
1369	2960
1369	1442
1369	3289
1369	3043
1370	1858
1370	2857
1370	1647
1370	2919
1370	3080
1371	2388
1371	1957
1371	1403
1371	2140
1371	2096
1372	2927
1372	1549
1372	1672
1373	2031
1373	1660
1373	3393
1374	2097
1374	2253
1374	2637
1375	2169
1375	1796
1375	2095
1375	2467
1376	2503
1376	2247
1376	1876
1377	2520
1377	2628
1377	3408
1377	2285
1378	2719
1378	3078
1378	2116
1378	1518
1379	3416
1379	3505
1379	2819
1379	3027
1380	2877
1380	2177
1380	2654
1380	3317
1380	3178
1381	3596
1381	2743
1381	2923
1381	3229
1381	1704
1382	3314
1382	3462
1383	1510
1383	2972
1383	2458
1383	2929
1384	2381
1384	2716
1384	1500
1384	1457
1385	2731
1385	3398
1385	1674
1386	1831
1387	2796
1387	2048
1387	2564
1388	2623
1388	2777
1388	3554
1388	2843
1388	2592
1389	2027
1389	3038
1389	2212
1390	2263
1390	2747
1390	2377
1390	3588
1391	3039
1391	1557
1391	1713
1392	1995
1392	2071
1393	2600
1394	1480
1394	2203
1394	2260
1394	2353
1395	2825
1396	2545
1396	2996
1396	2653
1396	1490
1397	2728
1397	1974
1397	1398
1398	2728
1398	3558
1398	2710
1399	1658
1399	1575
1399	2034
1399	2225
1400	1993
1400	2139
1401	2296
1401	1478
1401	3343
1401	1752
1402	3154
1402	3269
1402	3135
1403	2070
1403	2140
1403	3366
1404	3189
1404	2867
1404	1767
1405	3531
1405	3299
1405	1995
1405	3076
1406	1454
1406	3299
1406	2278
1407	2567
1407	2879
1407	3548
1407	2120
1408	2166
1408	2662
1408	2930
1408	2122
1408	2111
1409	2882
1409	1606
1410	1420
1410	1905
1410	2959
1410	3066
1410	1961
1411	1909
1411	2371
1411	3438
1412	2352
1412	3390
1412	1458
1413	3246
1413	3110
1413	2280
1413	3101
1414	2143
1414	3331
1414	2641
1414	2631
1414	1814
1415	3489
1415	3476
1415	1428
1416	3403
1416	2965
1416	2204
1416	3308
1416	2809
1417	2406
1417	2192
1417	2550
1417	2477
1418	2197
1418	1848
1418	3395
1418	2400
1419	3420
1419	3130
1419	3143
1420	2309
1420	3585
1420	1905
1420	2959
1421	2517
1421	1818
1421	2433
1421	2171
1422	1658
1422	3360
1422	1589
1422	2966
1422	2933
1423	2444
1423	2076
1423	2752
1423	3056
1425	2568
1425	3054
1425	2460
1425	2478
1425	2434
1426	2729
1426	1609
1427	1880
1427	2510
1427	3184
1427	3424
1428	3361
1428	3544
1429	1881
1429	2738
1430	1460
1431	3057
1431	1556
1431	1705
1431	1458
1432	2997
1432	2050
1433	1484
1433	2358
1433	1771
1434	2687
1434	1986
1434	1582
1434	2495
1434	1953
1435	3072
1435	3383
1436	1817
1436	3422
1436	3463
1436	2420
1437	2043
1437	2082
1437	2558
1438	3270
1438	3601
1438	2608
1438	2673
1438	3245
1439	1856
1439	3013
1440	2464
1440	3441
1440	2446
1440	3300
1441	2521
1441	3504
1441	1781
1441	3523
1441	2706
1442	1940
1442	3043
1443	3153
1443	2705
1444	2833
1444	3451
1444	2593
1444	3083
1444	2007
1445	1790
1446	3532
1446	1485
1446	2173
1446	3144
1447	3322
1447	1522
1447	1918
1447	1806
1448	2559
1448	3330
1448	2888
1449	3024
1449	2311
1450	1520
1450	1505
1451	2239
1451	2175
1451	2219
1451	1504
1452	2236
1452	2372
1452	1955
1452	2474
1453	3459
1453	3081
1453	2369
1453	2408
1453	2298
1454	3213
1454	3531
1454	2572
1454	3299
1454	2278
1455	3277
1455	2499
1456	3536
1456	3370
1457	2757
1457	2876
1457	1837
1458	3390
1458	1705
1459	2492
1459	1748
1459	1540
1459	2302
1460	2613
1460	1622
1461	1758
1461	1826
1462	3564
1462	3379
1463	2013
1463	2463
1463	2593
1463	1755
1463	3442
1464	3287
1465	2280
1465	3101
1465	1612
1465	3211
1466	1614
1466	1593
1466	1639
1466	2046
1467	3574
1467	1672
1468	3361
1468	3544
1468	1885
1468	2605
1469	3120
1469	3600
1469	2527
1470	1508
1470	1964
1470	2534
1470	2102
1470	3305
1471	3087
1471	3090
1471	1847
1471	2272
1471	2866
1472	3436
1472	2004
1472	2049
1472	2508
1472	3264
1473	1983
1473	1699
1473	3085
1473	2701
1473	3108
1474	2056
1475	3022
1475	2804
1475	1746
1475	3302
1476	3353
1476	3010
1476	3239
1476	1731
1477	1567
1477	2935
1477	3265
1477	1850
1478	3156
1478	1752
1478	3116
1479	2132
1479	3341
1479	3236
1479	3591
1480	2736
1480	2866
1480	2353
1481	3563
1481	1757
1481	1869
1482	1933
1482	2323
1482	1640
1482	3168
1483	2536
1483	3208
1484	3227
1484	2168
1484	1881
1485	2173
1485	2860
1485	2092
1486	3121
1487	2054
1487	2301
1487	2047
1487	1774
1488	2104
1488	3335
1488	3296
1488	2947
1488	2095
1489	3506
1489	2852
1489	2208
1490	2545
1490	1651
1491	1620
1491	3191
1491	2626
1491	1604
1492	2584
1492	3533
1492	2842
1492	3320
1493	2916
1493	3484
1493	2678
1493	2668
1494	1632
1494	3606
1494	2922
1494	2320
1495	3455
1495	2531
1495	2590
1495	3173
1496	2074
1496	2623
1496	3412
1496	3574
1497	3067
1497	3118
1498	1728
1498	1852
1498	2665
1499	2304
1499	3200
1499	2421
1499	1531
1499	1863
1500	2783
1500	2778
1500	2716
1500	3488
1501	2848
1501	3093
1501	2652
1502	2562
1502	2362
1502	3216
1502	3464
1502	3251
1503	2769
1503	1716
1503	2686
1503	2198
1504	3274
1504	2219
1504	2816
1504	2488
1505	3034
1506	1875
1506	2832
1506	2522
1506	2336
1506	2977
1507	2537
1507	2402
1507	3023
1507	1526
1507	2858
1508	1677
1508	3305
1508	2831
1508	2379
1509	3415
1509	3482
1509	2684
1509	2271
1509	1652
1510	2660
1510	2647
1510	3293
1510	2972
1511	3086
1511	3329
1511	3034
1511	3035
1512	2469
1512	2515
1512	2346
1512	1792
1512	1684
1513	3406
1513	3158
1513	2341
1513	3378
1513	2259
1514	1627
1514	1873
1514	2897
1514	1796
1515	2436
1515	3455
1515	1554
1515	1975
1515	3173
1515	2839
1516	1945
1516	2551
1516	3000
1517	2213
1517	2532
1517	2403
1518	2116
1518	3334
1518	1827
1519	2270
1519	3310
1519	3174
1519	2814
1520	1844
1520	2300
1521	3392
1521	1916
1522	2482
1522	1806
1523	2072
1523	3541
1523	2932
1524	1824
1524	2763
1524	2507
1524	3473
1525	1972
1525	2556
1526	2537
1526	2030
1526	3023
1527	2917
1527	2234
1527	3594
1527	3439
1528	1559
1528	2896
1528	2983
1528	3570
1529	1683
1529	1850
1530	1573
1530	2407
1530	2306
1530	2326
1530	2925
1531	2813
1531	2421
1531	1863
1531	2671
1532	2153
1532	2440
1532	1635
1533	1607
1533	3147
1534	3132
1534	1904
1535	1896
1535	2252
1535	2158
1536	1817
1536	3152
1536	2120
1537	1594
1537	1776
1537	3560
1537	3223
1537	3309
1538	2624
1538	2132
1538	2281
1538	3591
1539	3214
1539	2976
1539	2690
1539	1685
1540	2314
1540	1748
1540	2970
1540	2302
1541	1842
1541	1920
1541	2787
1542	3554
1542	2592
1542	3192
1542	2374
1543	2727
1543	2512
1543	3253
1543	2130
1543	2588
1544	2215
1544	2312
1544	3207
1545	2967
1545	2480
1545	1673
1546	2790
1546	2258
1546	1765
1546	3115
1546	1935
1547	1674
1547	1691
1547	2420
1547	2870
1548	3375
1548	1936
1548	3105
1548	2008
1549	2677
1549	2927
1549	1672
1549	1625
1550	2758
1551	3491
1551	2345
1551	1949
1551	2274
1552	3344
1552	2695
1552	2077
1553	3405
1553	1807
1553	3481
1554	3455
1554	1975
1555	1897
1555	1820
1555	3258
1556	1854
1556	3057
1557	2968
1557	1713
1557	1839
1558	2290
1558	3610
1558	2482
1558	3376
1559	2847
1559	2761
1559	2414
1560	2202
1560	2638
1560	2524
1560	3423
1561	1980
1562	2577
1562	1718
1562	2194
1562	3578
1562	2377
1563	2477
1563	1710
1563	3342
1564	2201
1564	1578
1565	2837
1565	2402
1565	3526
1565	1750
1565	2849
1565	2858
1566	2576
1566	2351
1566	2319
1566	1943
1567	2525
1567	2935
1567	2164
1568	3275
1568	2063
1569	3165
1569	3137
1569	2200
1569	2750
1569	2259
1570	1917
1570	1874
1570	1983
1570	3264
1570	3556
1570	3589
1571	1592
1571	3013
1571	2152
1572	1882
1572	3515
1573	2744
1573	2767
1573	2407
1574	3582
1574	2378
1574	2606
1575	2237
1575	2976
1575	2034
1576	2021
1576	2679
1576	2240
1576	2544
1576	2632
1576	3031
1577	3036
1577	2777
1578	2505
1579	2046
1579	1761
1579	3266
1580	1696
1580	3275
1580	2063
1580	2136
1581	2454
1581	1714
1581	3533
1581	3320
1581	2932
1582	1986
1582	3133
1582	2899
1583	3256
1583	2618
1583	3289
1584	3252
1584	1887
1584	1608
1584	2162
1584	2340
1585	2575
1586	2176
1586	1799
1586	3201
1586	1922
1587	2327
1587	2741
1587	2205
1587	3527
1588	1895
1588	2073
1589	3360
1589	1877
1589	3179
1589	2966
1590	2424
1590	2791
1590	1941
1590	3030
1591	1886
1591	2353
1591	1978
1592	2625
1593	1614
1593	2046
1593	3243
1594	3344
1594	2695
1594	3223
1594	3254
1595	3133
1595	2899
1595	2338
1595	2859
1595	2459
1596	2030
1596	2394
1597	3205
1597	1835
1597	2112
1597	2395
1598	3163
1598	2428
1598	2483
1599	1651
1599	2339
1599	2764
1599	2070
1600	1805
1600	1970
1600	2012
1600	1833
1600	2851
1601	2101
1601	2725
1601	2014
1602	2391
1602	2672
1603	2087
1603	3202
1604	2316
1604	2626
1604	3337
1605	2765
1605	2100
1605	1610
1605	3557
1605	2036
1606	1824
1607	3147
1608	1887
1608	3244
1608	2018
1609	2729
1609	2281
1610	2639
1610	3217
1610	1931
1610	3557
1611	2942
1611	2174
1611	1631
1611	2341
1611	2790
1611	3378
1612	1621
1612	2280
1612	3211
1613	1739
1613	3537
1613	3150
1613	2727
1614	2035
1615	1688
1615	1866
1615	2274
1616	3550
1616	3441
1616	1875
1616	2832
1616	1937
1616	2446
1617	3205
1617	2112
1617	3513
1618	2511
1618	2809
1618	3421
1619	3425
1619	3606
1619	2619
1620	2711
1620	3407
1620	3191
1621	1927
1621	3060
1621	2280
1622	2613
1623	2491
1623	2798
1623	2942
1623	2341
1623	2107
1625	2927
1625	1911
1625	2317
1625	3092
1626	2542
1626	2945
1626	3231
1626	3561
1627	3592
1627	2993
1627	2895
1627	2897
1628	2564
1628	3318
1628	2404
1628	1923
1628	2850
1629	3456
1629	1753
1629	1637
1629	2986
1630	3556
1630	3589
1631	2183
1631	2942
1631	2174
1631	2147
1632	2955
1632	2838
1633	1736
1633	2881
1633	2740
1634	3433
1634	2528
1635	2153
1635	3055
1635	1948
1636	2869
1636	1776
1636	3560
1637	1751
1637	2986
1638	2703
1638	2770
1638	2655
1638	2195
1638	1788
1639	2240
1639	2632
1639	2046
1639	3266
1640	3567
1640	2143
1641	2912
1641	2835
1641	1898
1642	1691
1642	2870
1642	2786
1642	3278
1642	2845
1643	2556
1643	3267
1643	2663
1644	3331
1644	2641
1644	2599
1644	2949
1645	2086
1645	2658
1645	2144
1645	3287
1646	1840
1647	3080
1647	1856
1648	3535
1648	2335
1648	3284
1648	1860
1648	2002
1649	3318
1649	1923
1649	2606
1650	2700
1650	2816
1650	2529
1651	2100
1651	2764
1652	3482
1652	1825
1653	3111
1653	2058
1653	2995
1654	2476
1655	2018
1655	1715
1655	2452
1655	2699
1656	2538
1656	2724
1657	2180
1657	2835
1657	1898
1658	2225
1658	2933
1659	3246
1659	2415
1659	3293
1660	2918
1660	3255
1660	3393
1661	3259
1661	3091
1661	3084
1661	3381
1661	3347
1661	3352
1662	2923
1662	2617
1662	2071
1663	3415
1663	2129
1664	3223
1664	1669
1664	2312
1664	3468
1664	3254
1664	3525
1665	3178
1665	2442
1665	3367
1666	3170
1666	2370
1666	2468
1667	1986
1667	2452
1667	2196
1667	2495
1667	2276
1668	2352
1668	2586
1668	2002
1669	3222
1669	2215
1669	2312
1669	3525
1670	2717
1670	1894
1670	3276
1670	2483
1671	2573
1671	2351
1671	2797
1671	2494
1671	3394
1672	2677
1673	2967
1673	3053
1674	3463
1674	2420
1675	1833
1675	2589
1676	2127
1676	3573
1676	3599
1677	1793
1677	2831
1678	3439
1678	2461
1678	3119
1679	2982
1679	1994
1679	2846
1679	3166
1680	2049
1680	2508
1680	3573
1681	3192
1681	3540
1681	2374
1681	2666
1681	3543
1682	2497
1682	3569
1682	3058
1682	3598
1682	2913
1683	3247
1684	2515
1684	2346
1684	2683
1684	1930
1685	1934
1685	2690
1686	3132
1686	3313
1686	2915
1686	1904
1687	3282
1687	1703
1687	3065
1687	2988
1688	3491
1688	3294
1688	1866
1688	2274
1689	2872
1689	3196
1689	3176
1690	2526
1690	3220
1690	2680
1690	2817
1690	2372
1690	2020
1691	3422
1691	2420
1691	2870
1692	1897
1692	2058
1692	1820
1693	2248
1693	2558
1694	3354
1694	2547
1694	2347
1694	2557
1694	2984
1695	2614
1696	2028
1696	2863
1696	3275
1697	3512
1697	3142
1697	2682
1697	2463
1697	2603
1698	2190
1698	2045
1698	2874
1698	3307
1699	2405
1699	2701
1699	3108
1700	2875
1700	1834
1701	2658
1701	2696
1701	2807
1701	2578
1701	2144
1702	2570
1702	2786
1702	2845
1702	3500
1702	1719
1703	3065
1703	2559
1703	3330
1704	2923
1704	3229
1704	3228
1704	3237
1705	2973
1705	2554
1706	3510
1706	2640
1706	3114
1707	2332
1707	2383
1707	3162
1708	2201
1708	2062
1708	2868
1709	2354
1709	3285
1709	2504
1709	3085
1710	1852
1711	2356
1711	2160
1711	2357
1711	2243
1712	3082
1712	3149
1712	1981
1713	3312
1713	1839
1714	2454
1714	3533
1714	3044
1715	2955
1715	2452
1715	2775
1716	1754
1716	1956
1716	2769
1716	2686
1717	1848
1717	3281
1717	3234
1717	3248
1718	2762
1718	2163
1718	3578
1718	1899
1719	3282
1719	3500
1719	2571
1720	2513
1720	2033
1720	1994
1720	2856
1721	1935
1721	2830
1721	2465
1721	1788
1722	1740
1722	3374
1722	2033
1722	2846
1723	3143
1723	2387
1724	1864
1724	3511
1724	1828
1724	3423
1724	2530
1725	1757
1726	2266
1726	3338
1726	2676
1726	3397
1726	2771
1727	2242
1727	3327
1727	3290
1728	2674
1728	1785
1728	2154
1728	2665
1729	3454
1729	2410
1730	3141
1730	2795
1730	2261
1730	2733
1731	3010
1731	3239
1731	3124
1731	1786
1731	3522
1732	3296
1732	3440
1732	2137
1732	2742
1732	2239
1733	3167
1733	1942
1733	3572
1734	2583
1734	2063
1734	2758
1734	1965
1735	3120
1735	3600
1735	3426
1735	2502
1735	2685
1736	3364
1736	2881
1737	3086
1737	3329
1737	2596
1738	1895
1738	2017
1738	2725
1738	3493
1739	3537
1739	3549
1740	2033
1740	2856
1741	3323
1741	2629
1741	2815
1742	2165
1742	2038
1743	1849
1743	2536
1743	2803
1743	3206
1744	3479
1744	3123
1744	2556
1744	2663
1744	3435
1746	2163
1746	2804
1746	2648
1746	2908
1747	2127
1748	2492
1748	2314
1748	3582
1749	2789
1749	1880
1750	2837
1750	3526
1750	2223
1751	2986
1751	2509
1752	3116
1752	3269
1752	2718
1753	2986
1753	2656
1754	1929
1754	1956
1755	3451
1755	2468
1755	2593
1755	3442
1756	3545
1756	2565
1756	2637
1758	1826
1758	2139
1759	2074
1759	3412
1759	1958
1759	3534
1759	2607
1760	3260
1760	2561
1760	2693
1760	2991
1761	2682
1761	1896
1761	2999
1762	3106
1762	2903
1763	2321
1763	2771
1764	1823
1764	1910
1764	2322
1764	2363
1764	2812
1765	1947
1765	3019
1765	2174
1765	2790
1765	3115
1766	2094
1766	2957
1766	2481
1766	3382
1766	2394
1766	2042
1767	3224
1767	3189
1768	2069
1768	2080
1769	2997
1769	2050
1769	3388
1769	3054
1769	2434
1770	3419
1770	3477
1770	2445
1770	3315
1771	2840
1771	1924
1772	2784
1772	2904
1772	2778
1772	3301
1772	2000
1773	2658
1773	2578
1773	2627
1773	2011
1774	2054
1774	2301
1774	2776
1774	2501
1775	2233
1775	3370
1775	2823
1776	2345
1776	3560
1777	2211
1777	2061
1778	3542
1778	2535
1778	3595
1779	3198
1779	2648
1779	2328
1779	2908
1779	2010
1780	2828
1780	3328
1780	2470
1780	3594
1781	2776
1781	3504
1781	3523
1781	2697
1781	2257
1782	3231
1782	2069
1783	2748
1783	2083
1783	3103
1784	3387
1784	1915
1784	2331
1785	2437
1785	2674
1785	2730
1785	2154
1786	3010
1786	3522
1787	3186
1787	2836
1787	2985
1788	2703
1788	2830
1788	2465
1789	3305
1789	2303
1789	2586
1789	2379
1790	1804
1791	2821
1791	3596
1791	3306
1792	2469
1792	2387
1792	2515
1792	2375
1793	2625
1793	1950
1794	2133
1794	2364
1794	1917
1795	2855
1795	3399
1795	2342
1796	2104
1796	2897
1796	2095
1797	2381
1797	2716
1797	2191
1797	2423
1797	2937
1797	2000
1798	2229
1799	1922
1799	3586
1800	3227
1800	1881
1801	1973
1802	3383
1802	3608
1802	3112
1802	2607
1803	3465
1803	2936
1804	2294
1804	3171
1805	1882
1805	1970
1805	3446
1805	1833
1805	2589
1806	1918
1806	3084
1807	3130
1807	2469
1807	3481
1808	2574
1808	2510
1808	2251
1808	1832
1808	3424
1809	3100
1809	3204
1809	2800
1810	3413
1810	2762
1810	2585
1810	2397
1811	3404
1811	3485
1811	2034
1811	2225
1812	3478
1812	1855
1812	3131
1813	2684
1813	2271
1813	3017
1814	2641
1814	2631
1814	2348
1815	1878
1815	2811
1815	2386
1815	3059
1815	3210
1816	2091
1816	2921
1816	1987
1816	2734
1817	3463
1818	2013
1818	2433
1818	3442
1819	1992
1819	2967
1819	2709
1819	2047
1820	1897
1821	1963
1821	3240
1821	3323
1821	2242
1821	3327
1822	2633
1822	3479
1822	2093
1822	3140
1823	1910
1823	2833
1823	3083
1824	2763
1825	3193
1825	2246
1826	3261
1827	2116
1827	2934
1827	3125
1828	3511
1828	2928
1828	2530
1828	3004
1828	2808
1829	2339
1829	3215
1830	2838
1830	3416
1830	2775
1830	3027
1831	3196
1831	3487
1832	2574
1832	3232
1832	3188
1833	2589
1834	2264
1834	2728
1835	3205
1835	1945
1835	2108
1835	2551
1836	2577
1837	2757
1837	2876
1837	2979
1837	1934
1838	2447
1838	2759
1838	2829
1839	3593
1839	3450
1840	2799
1841	2241
1841	2355
1841	2423
1842	2712
1842	1920
1842	2861
1843	3153
1843	2148
1843	3032
1844	2024
1844	3503
1844	2300
1845	3581
1845	3526
1845	3494
1846	1920
1846	2579
1847	3087
1847	2272
1848	3395
1848	3234
1849	2384
1849	2761
1851	2101
1851	2692
1851	2549
1853	2368
1853	2326
1853	2642
1853	3413
1854	2159
1854	3057
1855	3478
1855	2880
1856	3026
1857	3430
1857	2141
1857	3268
1858	2547
1858	2557
1858	2857
1859	3319
1859	2821
1860	3535
1860	2494
1860	3284
1860	3559
1861	3058
1861	3009
1861	2726
1862	3374
1862	3201
1863	2671
1863	2491
1864	3511
1864	2451
1864	3410
1865	3584
1865	2442
1865	1991
1865	2978
1866	3294
1867	2188
1867	2863
1867	2273
1867	3607
1867	2172
1868	2484
1868	2006
1869	3563
1869	2868
1870	2950
1870	2681
1871	3163
1871	2090
1871	3272
1871	1912
1872	3485
1872	2834
1872	2347
1872	2984
1874	2364
1874	1917
1874	1983
1875	2832
1875	2977
1875	2446
1876	2503
1876	2247
1877	3360
1877	2307
1877	3179
1878	3316
1878	2292
1878	2811
1879	3602
1879	2582
1879	1956
1879	2686
1880	2510
1881	3227
1882	3446
1882	2589
1883	2135
1883	2391
1883	3366
1883	2297
1883	2168
1884	2363
1884	2296
1884	3188
1884	3343
1885	2788
1885	2605
1885	2068
1886	2272
1887	2340
1888	1923
1888	2850
1889	2235
1889	3256
1889	1940
1890	2460
1890	2478
1890	1966
1890	2359
1890	2456
1891	2964
1891	2991
1891	3077
1891	3466
1892	3440
1892	2175
1893	2957
1893	3023
1893	2849
1893	2858
1893	2651
1894	2717
1894	2483
1894	1999
1894	3272
1895	2951
1895	2073
1896	2682
1896	2158
1896	2999
1897	3258
1898	2180
1898	2383
1898	2835
1899	2762
1899	2163
1899	3198
1899	2648
1899	2397
1900	1979
1900	2705
1900	3499
1900	1937
1900	2389
1901	3156
1901	3385
1901	3116
1901	3044
1902	3536
1902	2624
1903	3131
1903	2288
1903	2602
1903	3380
1904	3132
1905	2309
1905	1961
1905	2954
1906	1992
1906	2223
1906	3494
1906	2709
1906	2511
1907	2594
1907	2181
1907	2009
1908	3129
1908	3586
1908	2660
1909	2371
1910	2252
1910	2322
1911	2927
1911	2317
1912	3272
1912	3271
1912	3063
1913	2818
1913	2936
1915	2939
1915	2331
1915	2994
1916	3392
1916	3517
1916	3414
1917	2364
1917	3264
1918	3579
1918	2519
1919	3467
1921	2542
1921	2256
1921	2945
1922	3166
1923	3318
1923	2850
1924	2840
1924	2407
1924	2306
1924	2766
1925	3271
1925	3063
1925	2576
1925	2644
1926	3482
1926	2754
1926	1963
1926	3240
1926	2410
1927	3060
1928	3373
1928	2361
1928	2366
1928	2884
1929	3238
1929	2411
1930	2346
1930	2683
1930	1987
1930	2734
1931	3217
1931	3279
1931	2349
1931	2189
1932	2910
1933	2323
1934	2757
1934	2979
1935	3115
1936	2509
1936	2098
1936	3105
1936	2430
1937	3550
1937	1979
1937	2832
1938	3546
1938	2958
1938	2620
1938	2119
1939	3396
1939	2828
1939	3328
1939	2376
1940	3256
1941	2424
1941	2612
1942	2024
1943	2975
1943	2319
1943	2064
1944	2799
1944	2449
1944	2161
1945	2888
1945	2551
1946	2824
1946	3196
1946	3487
1946	3176
1946	3297
1947	2022
1947	2183
1947	3019
1947	2174
1948	2153
1948	3055
1949	2345
1949	3344
1950	2625
1950	3597
1951	2187
1951	2938
1951	2621
1951	3016
1952	3437
1952	3325
1952	2206
1952	2698
1952	2109
1953	2687
1953	3235
1954	3088
1954	3384
1954	3109
1955	2803
1955	2817
1955	3206
1955	2372
1955	2474
1956	2582
1956	2686
1957	2199
1957	2388
1957	2096
1957	2189
1958	2074
1958	2800
1958	3608
1958	2607
1959	2086
1959	3609
1959	2696
1959	2563
1959	3460
1959	2144
1960	3369
1960	2135
1960	2310
1961	2954
1961	3587
1962	3243
1962	2187
1962	2552
1962	2621
1963	3240
1963	3323
1963	2410
1964	2534
1965	1989
1965	2758
1965	2350
1966	2478
1966	2484
1966	2124
1966	2456
1967	3311
1967	3049
1967	2289
1967	2689
1967	2702
1968	2538
1968	2221
1968	3267
1968	2535
1969	3037
1969	3018
1969	2244
1970	3446
1970	2851
1971	3586
1971	3575
1972	3038
1972	2212
1973	3447
1974	2728
1974	2028
1975	2275
1975	2436
1976	2902
1976	3200
1976	3236
1977	3121
1977	3053
1977	3218
1978	3345
1978	2260
1978	2353
1978	2571
1979	3032
1979	3550
1979	2705
1980	2419
1981	2334
1981	2450
1982	2145
1982	2284
1982	3476
1983	3556
1983	2701
1984	2956
1984	2088
1985	2787
1985	3427
1985	3401
1985	2475
1986	2196
1986	2495
1986	3133
1987	2683
1987	2921
1987	2734
1988	2691
1989	2136
1989	2350
1989	2318
1989	2862
1990	2968
1990	3262
1991	2282
1991	2090
1992	3494
1992	2709
1993	2520
1993	2139
1993	3241
1994	2982
1994	2033
1994	2846
1995	3076
1996	2105
1996	2006
1996	3151
1997	2984
1997	3276
1998	2130
1998	2466
1998	3216
1998	2373
1999	2717
1999	3272
1999	2797
2000	2778
2000	3301
2000	2716
2000	2937
2001	3198
2001	2941
2001	2328
2001	2585
2001	2397
2002	2335
2002	2586
2003	2322
2003	3365
2003	2812
2003	3477
2004	2295
2004	3436
2004	2612
2004	2049
2005	3333
2005	2613
2005	3492
2005	2367
2006	2714
2006	2105
2007	2574
2007	3083
2007	3232
2008	3375
2008	2346
2009	2594
2009	2562
2009	2597
2009	3251
2010	2328
2010	3368
2010	2417
2011	2627
2011	2275
2011	2079
2012	3091
2012	2851
2012	3347
2013	3512
2013	2463
2013	3442
2014	3062
2014	2901
2014	2262
2015	3437
2015	3095
2015	2940
2015	2698
2016	3165
2016	2971
2016	3177
2016	2703
2016	2195
2017	2725
2017	3493
2017	2182
2018	3244
2018	2699
2019	2983
2019	2680
2019	2803
2019	2817
2020	2526
2020	2372
2021	3159
2021	2679
2021	2032
2021	2544
2021	3432
2022	3398
2022	2183
2023	2485
2023	2926
2023	3537
2024	2887
2024	3503
2026	2672
2026	2659
2026	2358
2028	3275
2029	3319
2029	2210
2029	3306
2029	3122
2030	3023
2031	3111
2031	2995
2031	3585
2032	3159
2032	2700
2032	3286
2032	3432
2033	2856
2033	2846
2034	2225
2035	2211
2035	2473
2035	2308
2036	2100
2036	2764
2036	2388
2036	2140
2037	3045
2037	2230
2037	2768
2039	2975
2039	3172
2039	2064
2040	2631
2040	2348
2040	2664
2041	2664
2041	3197
2042	2957
2042	2481
2042	2651
2043	2558
2043	3046
2043	2610
2044	2895
2044	2104
2044	3335
2044	2897
2044	3047
2045	2154
2045	2657
2045	2874
2046	3266
2047	2709
2047	3421
2047	2054
2048	2796
2048	3371
2049	2612
2049	2508
2050	2997
2050	2416
2050	3388
2051	2523
2051	2805
2051	2170
2052	3069
2052	2792
2052	3167
2052	3452
2053	3029
2053	2555
2054	3421
2055	3458
2055	2084
2055	3041
2056	2656
2056	3567
2057	3192
2057	2974
2057	3029
2057	2666
2059	2546
2059	2914
2060	3379
2060	3403
2061	2981
2061	2679
2061	2240
2062	2868
2063	3275
2064	2975
2064	2319
2064	3172
2065	2493
2065	2633
2065	3016
2065	3418
2067	3492
2067	2367
2068	2788
2068	2605
2069	2080
2070	2764
2070	2140
2071	2617
2072	3310
2072	3161
2072	3541
2073	2226
2073	2951
2074	3412
2075	2228
2075	2635
2075	3555
2075	2566
2076	2752
2076	2374
2076	3543
2076	3056
2077	2472
2077	2695
2077	2435
2077	3037
2078	2277
2078	3113
2078	3483
2079	2899
2079	2275
2079	2459
2079	2436
2081	2605
2081	3128
2082	3487
2083	2748
2083	3103
2084	3458
2084	2719
2084	2214
2084	3041
2085	2883
2086	3609
2086	2144
2086	3287
2087	3496
2087	3094
2087	2611
2088	2956
2089	2406
2089	2456
2089	2192
2090	2282
2090	3163
2091	3105
2091	2430
2091	2734
2092	2860
2092	2799
2092	2449
2093	3479
2093	3140
2093	3509
2093	3435
2094	3382
2094	2394
2095	2104
2095	2947
2096	2199
2097	2413
2097	2253
2098	2509
2098	2430
2098	2892
2099	2646
2099	2133
2100	2765
2100	2764
2101	2549
2102	2534
2102	3305
2102	2303
2102	2741
2103	3081
2103	2553
2103	2369
2104	3335
2104	2897
2105	2714
2105	3067
2106	3516
2106	3075
2107	2491
2107	2942
2107	3025
2107	2147
2108	3205
2108	2707
2108	2551
2108	3513
2109	2206
2109	2698
2109	2524
2109	3203
2110	2615
2110	3226
2111	2122
2112	3205
2112	2395
2113	2371
2113	3438
2113	3471
2114	2476
2114	3278
2114	3524
2115	3543
2115	2249
2115	3056
2115	2722
2115	3199
2116	3078
2116	2806
2117	2864
2117	3007
2117	2844
2118	3242
2118	2879
2118	3152
2118	2262
2118	2120
2119	3086
2119	3034
2120	2879
2120	3152
2121	3562
2121	3104
2122	3079
2122	2662
2123	2824
2123	2390
2123	2646
2123	3297
2124	2422
2124	2568
2124	2478
2124	2484
2125	2257
2125	3134
2125	3583
2125	3096
2125	2853
2126	3470
2126	3355
2127	3573
2128	3508
2128	3529
2129	3415
2129	2198
2129	2246
2130	3253
2130	2588
2131	2146
2131	2853
2131	3273
2131	2342
2132	2624
2132	3089
2132	3591
2133	2390
2133	2646
2134	2644
2134	3257
2135	2391
2135	2310
2135	3366
2136	2318
2137	2142
2137	3440
2137	2882
2137	2742
2138	3480
2138	2712
2138	2720
2138	3410
2138	2780
2138	3357
2139	2520
2140	2764
2140	2388
2141	2334
2142	2767
2142	2882
2142	2742
2143	3567
2143	3331
2144	2658
2144	2696
2145	2990
2145	2284
2145	2565
2146	3273
2146	2852
2147	2942
2147	3025
2148	3153
2148	2521
2148	2694
2149	3049
2149	3610
2149	3376
2149	2702
2149	3538
2150	2296
2151	2806
2151	3141
2152	2634
2152	2629
2152	3013
2153	2440
2153	2541
2154	2665
2155	2537
2155	3225
2156	2884
2157	3015
2158	2999
2159	3172
2159	3057
2160	3220
2160	2356
2160	3042
2160	2243
2161	2167
2162	3045
2162	3252
2162	2340
2163	3578
2163	2804
2163	2648
2164	2525
2164	2496
2164	2595
2165	3429
2166	2662
2166	2655
2166	2930
2168	2297
2168	3227
2169	2912
2169	2467
2170	3169
2170	2805
2170	2796
2171	2433
2172	2405
2172	2188
2172	2969
2172	2273
2173	3144
2173	2860
2173	3539
2173	2232
2174	2183
2174	2790
2175	3440
2175	2239
2176	2270
2176	3174
2176	3201
2177	2877
2177	2307
2177	3317
2178	2534
2178	3136
2179	3518
2179	2650
2180	2383
2180	2412
2181	2439
2181	2708
2182	3402
2182	3417
2182	3493
2182	3003
2184	3595
2184	2205
2184	2889
2185	3565
2185	2217
2185	2466
2186	2230
2186	2723
2186	2305
2186	2768
2187	3098
2187	2552
2187	2938
2187	2621
2188	3389
2188	2863
2189	2349
2189	2388
2190	2730
2191	3238
2191	2423
2191	2401
2191	2937
2192	2406
2192	3280
2193	2549
2193	2901
2194	2577
2194	2377
2194	3588
2194	2962
2195	3177
2195	2703
2195	2770
2196	3133
2196	2338
2197	3009
2198	2246
2198	2673
2199	2974
2199	2555
2200	3137
2200	2827
2202	2638
2202	3423
2204	3379
2204	3403
2204	2965
2205	2327
2205	2889
2206	3107
2206	3377
2206	3203
2207	3411
2207	3071
2207	2293
2207	2479
2208	3478
2208	3449
2209	2774
2209	2733
2209	2457
2209	2956
2210	3459
2210	3081
2210	3122
2211	2279
2211	2473
2212	3038
2213	3400
2213	2898
2213	2532
2214	3458
2214	2500
2214	2719
2215	3175
2215	2312
2215	3207
2216	2713
2216	2380
2217	3562
2218	2746
2218	2441
2218	3097
2218	2909
2219	2239
2219	3274
2220	2432
2220	2609
2220	2855
2221	3267
2221	2663
2221	3435
2222	2873
2222	2629
2222	3126
2222	2815
2223	2511
2224	2426
2224	2305
2224	2688
2225	3485
2226	2948
2226	3127
2227	2735
2227	2403
2227	2635
2227	2661
2228	2635
2229	2285
2229	2392
2230	2768
2231	3382
2231	2265
2231	3377
2232	3144
2232	3539
2233	2773
2233	3291
2233	2823
2234	2917
2235	3300
2235	3256
2236	2989
2237	2531
2237	2976
2237	2393
2238	2264
2238	2504
2238	3389
2239	3440
2240	2679
2240	2632
2242	3323
2242	3327
2243	3042
2243	2357
2243	2918
2244	3018
2244	3222
2245	2894
2245	3012
2245	3061
2245	2522
2245	2336
2246	3193
2246	2673
2248	2558
2248	3351
2249	2431
2249	3056
2249	2722
2250	3470
2250	2448
2251	3532
2251	2905
2251	3424
2252	2603
2254	2299
2254	3501
2255	3587
2255	3298
2255	3341
2256	2542
2257	3523
2257	2697
2257	3134
2257	3583
2258	3158
2258	2790
2258	3378
2259	3406
2259	3158
2259	3137
2259	2750
2260	2353
2260	2571
2261	3211
2262	3062
2262	3152
2262	2901
2263	3464
2263	2373
2263	3465
2263	3588
2264	3285
2264	2504
2265	3325
2265	2732
2265	2481
2265	3382
2266	2782
2266	2676
2267	2404
2267	2850
2267	2540
2268	2649
2268	3322
2269	2304
2269	2479
2269	2793
2269	2421
2269	2630
2269	3148
2270	3174
2270	3201
2271	3482
2271	2754
2271	2684
2272	2866
2273	2969
2273	3045
2274	3491
2275	2436
2276	2779
2276	2452
2276	2495
2276	2699
2276	2490
2277	3603
2277	3096
2277	3113
2278	2324
2278	2572
2279	2473
2279	2763
2280	3101
2281	2729
2281	3591
2282	2330
2283	2643
2284	3489
2284	2990
2284	3476
2285	3408
2285	2392
2286	3605
2286	2980
2286	3071
2286	3148
2287	3338
2287	2396
2287	2771
2288	2874
2288	3307
2288	3131
2288	3380
2288	3187
2289	3577
2289	3311
2289	3146
2289	2689
2290	2487
2290	3430
2290	2315
2290	3610
2291	3175
2291	3207
2291	2871
2292	3316
2293	3170
2293	2479
2293	3014
2293	2630
2294	2779
2294	3171
2294	2490
2295	3436
2296	3343
2297	3366
2297	3227
2298	2408
2298	2615
2299	3501
2300	2958
2301	2501
2301	3514
2302	2560
2303	3305
2303	2741
2304	2902
2304	3200
2304	2793
2304	2421
2305	2723
2305	2688
2306	2368
2306	2407
2306	2326
2306	2766
2307	3317
2307	3179
2307	3497
2308	2473
2308	3445
2308	3185
2309	2332
2309	3393
2310	2391
2310	3182
2311	3575
2312	3468
2313	2996
2313	3349
2313	3340
2314	3582
2314	2970
2314	2378
2314	3402
2315	2487
2315	3430
2316	3337
2316	2518
2317	3092
2318	3244
2318	2862
2319	3535
2320	2922
2320	2783
2320	3505
2320	3488
2321	2931
2321	2782
2322	3365
2322	2812
2323	3168
2325	3324
2325	2475
2325	3092
2326	2368
2326	2925
2327	2741
2328	3198
2329	3581
2329	3247
2330	3271
2331	2939
2331	3182
2332	3255
2332	3162
2332	3393
2333	2496
2333	2841
2334	2450
2334	2739
2335	3535
2336	3012
2336	2522
2336	2653
2337	3490
2338	3133
2338	2859
2339	3369
2340	2963
2341	2942
2341	3378
2342	3399
2342	3134
2342	2853
2343	2715
2343	2453
2344	3290
2344	3409
2344	2493
2344	3051
2344	3418
2347	3354
2347	2745
2347	2834
2347	2984
2348	2631
2348	2664
2348	3197
2349	3145
2349	3279
2350	2862
2351	2573
2351	2576
2351	2494
2354	3001
2354	2906
2354	2514
2354	3285
2355	2381
2355	2423
2356	2896
2357	2918
2357	3160
2358	2672
2358	2659
2359	3146
2359	2460
2360	2533
2360	2907
2360	3073
2360	3530
2361	2539
2361	2366
2362	3519
2362	2562
2362	3216
2363	3188
2363	2812
2364	2514
2365	3195
2365	2755
2365	2745
2365	3270
2366	2539
2366	2884
2367	3492
2368	2642
2368	2766
2369	3081
2369	2408
2370	3170
2370	3233
2370	2468
2371	3438
2372	2817
2373	2466
2373	3216
2373	3464
2373	3465
2374	3192
2374	3543
2375	2387
2375	2515
2376	3396
2376	3328
2376	3011
2377	2747
2377	3578
2377	3588
2378	3582
2378	3402
2378	3417
2379	3305
2379	3284
2379	2831
2380	2713
2380	2583
2381	2716
2381	2423
2382	3068
2382	2567
2382	3548
2383	3162
2384	3528
2384	2847
2384	2761
2385	3350
2386	2811
2386	3210
2389	2705
2389	3499
2390	2646
2390	2885
2392	3408
2392	2616
2393	2531
2393	3292
2393	2590
2394	2957
2395	3065
2396	3338
2396	3052
2397	2762
2397	3198
2397	2585
2398	2645
2398	3006
2398	3209
2399	3321
2399	3288
2400	3395
2400	3039
2401	3238
2401	2937
2402	3526
2402	2858
2403	2735
2403	2532
2404	2850
2404	2540
2405	3108
2405	2969
2406	2456
2406	2550
2407	2744
2407	2840
2409	2952
2409	2707
2409	2569
2409	3513
2411	3102
2411	3238
2412	2533
2412	2907
2414	2847
2414	2604
2414	3117
2415	2647
2415	3293
2416	3407
2416	2601
2416	3191
2416	3388
2417	3368
2417	2675
2419	2595
2420	3422
2420	3463
2421	2813
2421	2630
2422	2921
2422	2568
2424	2612
2425	3304
2425	2795
2425	2774
2425	2733
2426	3521
2426	3150
2427	2980
2427	3341
2427	2902
2427	2793
2427	3236
2428	3163
2429	2487
2430	3105
2431	2512
2432	3218
2434	3054
2434	2460
2435	2695
2435	3037
2435	3254
2435	3525
2436	2459
2436	2839
2437	3151
2437	2674
2437	2730
2438	3444
2438	3095
2438	2447
2438	2940
2438	2759
2440	2541
2441	2746
2441	3136
2441	3576
2441	2909
2441	3542
2442	3178
2442	3584
2442	3367
2442	2978
2443	2498
2444	3534
2444	3590
2444	2752
2445	3419
2445	3457
2445	3315
2446	3441
2447	2759
2448	3470
2449	2799
2450	2739
2450	3157
2451	2883
2452	2699
2453	2715
2453	3230
2454	3541
2454	2932
2455	3406
2455	2798
2455	3501
2457	2704
2457	3469
2458	2929
2459	2899
2459	2839
2460	2478
2461	3604
2461	3119
2463	3512
2463	2603
2464	2961
2464	3441
2464	3300
2465	2569
2465	2622
2466	3465
2468	3442
2469	3481
2470	2497
2470	2602
2470	3553
2470	3594
2471	3445
2472	3037
2473	2763
2474	2893
2474	3206
2475	3324
2477	2550
2477	2689
2478	2568
2479	3071
2479	2630
2479	3148
2480	3218
2480	3514
2481	2732
2481	3382
2483	3276
2485	3521
2486	2754
2486	3240
2486	3510
2487	3610
2488	3159
2488	2981
2488	2700
2488	2816
2489	2737
2489	3020
2490	2779
2490	2687
2490	2495
2490	3171
2491	2671
2491	2798
2492	2546
2492	2914
2493	2633
2493	3051
2493	3418
2494	3559
2494	3394
2495	2687
2496	2595
2496	2841
2497	3569
2497	2602
2497	3553
2498	3109
2499	3456
2500	2802
2500	3458
2501	2776
2501	2697
2501	3399
2502	3120
2502	2685
2502	3390
2503	3277
2503	3138
2504	3285
2504	3085
2506	2739
2506	3157
2507	2640
2507	3473
2507	2751
2507	3185
2508	3264
2508	3589
2510	2574
2510	3424
2511	2709
2511	3421
2512	2588
2513	2669
2514	2885
2514	2906
2516	3346
2517	2544
2517	3031
2518	3337
2519	3579
2519	2867
2519	3103
2520	3241
2520	2628
2521	3504
2521	2694
2522	2894
2522	2832
2523	2805
2524	2638
2524	3203
2525	2595
2526	3220
2526	3042
2526	3064
2527	2826
2527	3304
2528	2891
2528	2989
2528	3433
2529	3274
2529	2816
2530	3423
2530	2928
2530	3348
2531	2590
2532	2898
2532	2735
2533	2907
2533	3073
2535	2909
2535	3542
2536	3208
2536	3206
2538	3267
2539	3074
2539	3333
2542	2945
2543	3606
2543	2619
2543	2922
2543	2784
2543	2904
2544	3432
2544	3031
2545	2653
2546	3391
2546	2914
2547	3354
2547	2557
2548	3473
2550	3146
2550	2689
2552	3050
2552	3243
2552	3098
2553	3332
2554	2973
2555	2974
2555	3029
2556	2663
2557	2857
2559	3330
2559	2888
2560	3124
2560	3522
2560	2781
2561	3260
2561	2693
2562	2597
2562	3251
2563	3609
2563	3460
2564	3386
2564	3318
2565	3545
2565	2990
2566	2635
2566	3555
2566	2661
2566	3128
2567	3068
2567	3548
2568	2921
2569	2952
2569	2622
2570	3472
2570	2786
2571	3345
2572	3213
2573	3063
2573	2576
2573	2797
2574	3232
2575	3006
2576	3063
2577	2962
2578	2658
2578	2807
2578	2627
2579	3002
2579	3427
2580	2632
2580	3266
2580	3031
2580	3142
2581	3498
2582	3102
2582	3302
2583	2713
2583	2758
2584	3135
2584	3533
2584	2842
2585	3295
2585	2941
2587	2948
2587	3127
2587	3560
2587	3309
2588	3519
2590	3507
2590	3292
2591	3395
2591	3314
2592	2623
2592	3554
2593	2833
2593	3451
2594	3263
2594	2597
2596	3329
2596	3127
2597	3199
2598	2971
2598	3177
2598	2865
2599	2892
2599	2949
2599	2890
2600	2950
2601	3191
2601	3388
2601	2626
2601	3008
2602	3569
2602	3380
2604	3117
2606	3582
2607	3608
2607	3112
2608	3193
2608	2673
2608	3245
2609	2714
2609	3067
2609	3118
2610	3046
2610	3001
2610	2906
2611	2688
2611	3496
2614	3517
2614	3414
2614	3260
2616	3408
2617	2743
2617	2923
2617	3250
2618	3289
2619	3606
2620	3546
2621	2999
2622	2952
2622	2992
2623	3412
2624	3089
2626	3191
2626	3337
2626	3008
2628	3241
2628	2721
2628	3294
2629	2815
2630	2813
2630	3014
2632	3266
2632	3031
2634	3013
2635	2661
2636	2919
2636	2717
2636	3431
2639	3217
2639	3557
2640	2751
2640	3185
2640	3114
2641	3331
2641	2949
2642	2708
2643	2987
2643	3069
2643	3452
2644	3257
2645	3079
2647	2660
2647	3293
2648	3198
2648	2908
2649	2910
2649	3322
2650	2848
2650	2652
2651	2957
2651	2849
2651	3571
2652	2848
2653	3012
2654	2877
2655	2770
2657	3580
2657	2874
2657	3187
2659	3453
2659	3047
2660	2972
2661	2814
2662	3079
2662	2992
2663	3267
2663	3435
2664	3197
2666	3192
2666	3540
2666	3029
2667	2815
2668	2916
2668	2678
2668	2880
2669	2915
2669	3099
2670	3190
2670	2692
2671	2798
2673	3193
2674	3151
2674	3280
2675	2751
2675	3114
2676	3469
2676	3397
2678	2924
2679	3159
2679	2981
2680	3220
2680	2983
2680	2817
2681	2950
2682	3142
2683	3434
2684	3415
2684	3017
2685	3221
2685	3390
2687	3171
2688	3496
2689	3146
2690	3214
2691	3359
2691	3025
2692	2871
2693	2991
2694	3308
2695	3344
2695	3254
2696	3460
2696	2864
2697	2776
2697	3399
2697	3134
2698	3437
2699	2779
2700	3159
2700	2816
2701	3556
2702	3049
2702	3342
2702	3538
2703	2830
2704	3469
2706	3523
2706	3363
2707	2952
2707	3513
2709	3421
2710	3558
2711	2949
2711	2890
2711	3407
2712	2720
2712	3357
2712	2861
2714	3067
2716	2778
2718	3116
2718	3269
2718	3044
2719	3078
2720	3511
2720	3004
2720	3410
2721	3088
2721	3384
2721	3241
2721	3294
2722	3519
2722	3199
2724	2802
2724	3356
2726	3164
2727	3253
2729	3591
2732	3564
2732	3325
2732	3283
2733	2795
2733	2774
2734	3105
2736	3090
2736	2866
2737	3020
2738	2766
2739	3157
2740	3070
2740	3061
2742	2767
2742	3296
2743	3596
2743	2923
2743	3250
2744	2840
2744	3453
2745	3354
2745	2755
2745	2834
2746	3136
2747	3578
2747	2804
2748	3262
2749	3235
2750	3165
2750	3158
2751	3473
2751	3114
2752	3534
2753	3404
2753	3195
2754	3482
2754	3240
2755	3354
2755	3270
2755	3245
2756	3580
2757	2819
2759	2940
2759	2886
2759	2829
2760	2926
2760	3599
2761	2847
2765	2996
2765	3340
2765	3557
2769	3601
2771	3338
2772	3502
2773	2781
2774	2956
2775	2955
2775	2838
2776	3504
2777	2843
2778	2904
2778	2783
2780	3480
2780	3332
2780	3357
2781	3522
2783	2922
2783	2904
2783	3488
2784	3202
2784	2904
2785	2900
2785	3326
2786	3472
2786	2845
2787	3427
2789	3451
2790	3378
2791	3030
2792	3093
2793	2980
2793	2902
2793	3148
2795	3141
2796	3371
2800	3608
2801	2878
2801	3259
2802	3458
2802	3356
2803	2817
2803	3206
2804	3578
2805	3169
2806	3078
2807	3235
2808	2928
2808	3004
2808	3364
2809	2965
2809	3308
2810	3021
2810	2826
2811	3316
2813	3014
2813	3339
2814	3310
2814	3161
2816	3274
2818	3022
2818	2936
2819	3505
2819	3488
2820	3602
2820	2908
2820	2854
2821	3319
2821	3306
2823	3291
2824	2903
2824	3176
2824	3297
2825	2985
2826	3304
2826	3346
2827	2865
2827	3184
2828	3328
2829	2886
2829	2881
2831	3284
2831	3559
2833	3083
2834	3404
2834	3485
2836	3529
2836	2985
2837	2849
2837	3571
2838	2955
2838	3416
2839	3362
2839	3173
2840	3453
2842	3135
2842	3038
2843	3145
2843	3554
2843	3279
2844	3460
2844	2864
2845	3278
2845	3524
2845	3500
2846	3374
2846	3166
2847	3528
2848	3020
2849	2858
2849	3571
2851	3091
2853	3134
2853	3096
2853	3273
2854	3602
2854	3368
2855	3514
2857	2919
2858	3023
2860	3539
2860	3400
2861	3357
2862	3244
2863	3607
2864	3460
2864	3007
2865	2971
2866	3090
2867	3189
2870	3278
2871	3207
2872	2903
2872	3176
2873	3126
2874	3307
2874	3187
2875	3186
2875	3351
2875	3558
2879	3242
2879	3291
2884	3373
2885	3046
2885	2906
2886	2940
2886	3033
2887	3093
2887	3503
2889	3334
2890	2949
2890	3407
2891	2917
2891	2989
2893	3011
2894	3070
2894	3499
2894	3061
2895	3592
2895	2897
2895	3047
2896	2983
2896	3570
2898	3400
2899	3133
2900	3326
2900	3508
2901	3152
2902	3200
2902	3236
2903	3176
2904	2922
2905	3532
2905	3184
2905	3424
2906	3046
2906	3001
2907	3448
2907	3530
2909	3542
2910	3268
2911	2926
2911	3549
2913	3569
2913	3372
2913	3598
2915	3313
2915	3099
2916	3484
2916	3483
2916	2946
2918	3160
2918	3255
2919	3080
2920	2943
2922	3606
2924	3396
2924	3011
2925	3552
2928	3348
2928	3364
2928	3033
2929	3110
2932	3541
2933	2966
2934	3125
2934	3426
2935	3265
2937	3301
2938	3409
2938	3098
2938	3016
2938	3418
2939	3182
2939	2944
2939	3528
2940	3095
2941	3295
2944	3182
2944	3528
2945	3231
2946	3506
2946	3113
2946	3483
2947	3296
2948	3127
2948	3566
2951	3190
2952	2992
2954	3073
2958	3546
2959	3585
2959	3066
2960	3387
2960	3289
2960	3215
2961	3032
2961	3550
2961	3441
2962	3251
2963	3425
2963	3048
2964	3077
2970	3402
2970	3003
2970	3194
2971	3165
2971	3177
2972	3139
2974	3029
2978	3040
2978	3551
2978	3367
2980	3605
2980	3148
2981	3159
2982	3099
2987	3452
2987	3572
2987	3371
2988	3345
2988	3429
2990	3545
2991	3466
2992	3079
2993	3592
2993	3117
2993	3570
2994	3547
2995	3111
2995	3585
2996	3340
2997	3054
2998	3230
2998	3010
3001	3285
3002	3427
3002	3401
3003	3402
3003	3194
3004	3511
3005	3087
3005	3018
3005	3212
3006	3209
3008	3303
3008	3337
3011	3396
3014	3170
3014	3233
3014	3339
3015	3024
3015	3356
3016	3418
3018	3087
3019	3115
3022	3102
3022	3302
3025	3359
3026	3454
3027	3416
3028	3419
3028	3457
3032	3550
3033	3348
3033	3364
3034	3086
3035	3329
3036	3324
3040	3551
3041	3595
3042	3220
3042	3064
3043	3387
3043	3547
3044	3116
3047	3453
3048	3425
3048	3094
3049	3311
3050	3098
3051	3290
3052	3338
3052	3397
3056	3543
3058	3598
3059	3210
3061	3070
3063	3271
3065	3282
3066	3298
3067	3118
3069	3452
3070	3499
3071	3411
3071	3148
3072	3183
3074	3333
3074	3492
3076	3299
3081	3459
3082	3149
3083	3232
3084	3381
3084	3347
3085	3108
3086	3329
3088	3384
3088	3241
3088	3109
3089	3298
3091	3259
3091	3347
3094	3496
3095	3437
3095	3444
3095	3283
3096	3603
3096	3273
3097	3509
3097	3249
3098	3409
3099	3313
3100	3226
3100	3204
3100	3183
3101	3110
3102	3302
3103	3579
3104	3562
3104	3474
3104	3301
3107	3377
3107	3203
3110	3246
3112	3590
3113	3603
3113	3506
3113	3483
3116	3156
3117	3592
3119	3164
3120	3600
3121	3434
3122	3459
3122	3229
3123	3479
3124	3239
3124	3522
3125	3426
3128	3555
3130	3420
3131	3307
3132	3313
3134	3399
3136	3576
3137	3406
3138	3461
3138	3277
3140	3509
3140	3249
3142	3512
3144	3532
3145	3554
3145	3279
3150	3537
3151	3280
3154	3269
3155	3520
3156	3385
3158	3378
3160	3255
3160	3162
3161	3310
3162	3255
3166	3374
3167	3452
3167	3572
3168	3181
3169	3593
3170	3233
3173	3455
3173	3362
3174	3310
3175	3207
3176	3196
3178	3317
3178	3584
3179	3497
3180	3384
3180	3491
3184	3424
3185	3445
3186	3351
3186	3558
3187	3580
3187	3380
3187	3372
3188	3232
3191	3407
3196	3487
3202	3474
3204	3226
3205	3513
3212	3475
3213	3531
3214	3362
3216	3464
3217	3279
3219	3334
3219	3527
3222	3525
3223	3309
3223	3468
3223	3254
3224	3288
3228	3229
3228	3237
3231	3561
3233	3339
3234	3281
3236	3341
3239	3462
3242	3291
3245	3270
3246	3293
3247	3581
3248	3281
3249	3509
3250	3471
3252	3607
3253	3565
3254	3525
3255	3393
3258	3568
3259	3352
3260	3517
3263	3540
3264	3589
3265	3486
3268	3430
3270	3601
3273	3603
3277	3461
3278	3524
3282	3500
3283	3437
3283	3564
3283	3325
3283	3444
3284	3559
3286	3495
3286	3432
3292	3507
3295	3552
3299	3531
3303	3577
3303	3443
3304	3346
3306	3319
3306	3596
3309	3560
3309	3468
3311	3577
3311	3443
3315	3428
3317	3497
3317	3584
3318	3386
3320	3533
3320	3516
3325	3437
3331	3567
3332	3480
3333	3492
3336	3518
3336	3355
3338	3397
3340	3557
3342	3538
3349	3401
3352	3381
3353	3568
3355	3518
3361	3544
3363	3523
3363	3583
3365	3477
3367	3551
3371	3572
3372	3580
3372	3569
3372	3380
3373	3508
3376	3610
3376	3538
3379	3403
3380	3569
3383	3608
3386	3450
3391	3462
3394	3559
3400	3539
3401	3427
3402	3417
3404	3485
3405	3486
3409	3418
3410	3480
3410	3511
3411	3530
3412	3534
3414	3517
3414	3563
3416	3505
3417	3493
3419	3457
3419	3477
3426	3600
3431	3597
3435	3479
3439	3553
3439	3594
3441	3550
3443	3577
3444	3564
3448	3530
3449	3478
3450	3593
3452	3572
3464	3588
3467	3520
3472	3490
3474	3562
3476	3489
3483	3484
3488	3505
3497	3584
3500	3524
3502	3561
3506	3603
3515	3598
3523	3583
3542	3576
3544	3555
3553	3594
3556	3589
3587	3605
