0	907
0	2348
0	1115
1	2039
1	1006
1	370
1	3469
1	452
1	2259
2	2956
2	1645
2	552
2	1771
2	3242
2	2207
3	2903
3	2161
3	2005
3	3520
3	2904
3	1010
4	1925
4	1355
4	1341
4	1244
4	249
4	3426
5	730
5	3435
5	3565
5	2019
5	3245
5	1412
6	1293
6	1254
6	2889
6	3095
6	2085
6	687
7	3495
7	2012
7	3506
7	3083
7	1416
7	2542
8	1441
8	3529
8	1415
8	734
8	2006
8	489
9	1127
9	2151
9	2119
9	1011
9	101
9	3519
10	859
10	2280
10	2092
10	610
10	1020
10	3129
11	2817
11	3319
11	1223
11	2355
11	1141
11	579
12	3176
12	1709
12	1221
12	3144
13	114
13	658
13	390
13	3369
13	2141
13	112
14	1407
14	1057
14	2444
14	3350
14	1652
14	2494
15	198
15	310
15	765
15	1809
15	2111
15	2254
16	1801
16	2023
16	2227
16	2276
16	3227
16	1842
17	3140
17	1474
17	2255
17	2416
17	2707
17	2448
18	2790
18	701
18	67
18	2089
18	2778
18	2943
19	576
19	57
19	314
19	1608
19	1212
19	561
20	2420
20	2629
20	1510
20	3304
20	2642
21	2043
21	2638
21	1142
21	2461
21	186
21	1507
22	2011
22	121
22	2001
22	1724
22	2150
22	63
23	1969
23	2933
23	1522
23	2936
23	1280
23	1045
24	558
24	1778
24	1700
24	253
24	1863
24	2179
25	745
25	2847
25	2871
25	2405
25	3560
25	323
26	1364
26	3266
26	3363
26	279
26	925
26	451
27	640
27	2898
27	1302
27	1622
27	3555
27	612
28	3489
28	852
28	294
28	3304
28	3314
28	3341
29	2730
29	3296
29	2317
29	2493
29	2035
29	579
30	1351
30	3305
30	138
30	1699
30	3225
30	3106
31	1351
31	967
31	355
31	2084
31	1425
31	2241
32	46
32	642
32	1535
32	556
32	2519
32	981
33	3140
33	3398
33	812
33	1653
33	385
33	2574
34	1133
34	943
34	662
34	1588
34	2094
34	702
35	148
35	3081
35	477
35	2602
35	2768
35	2156
36	1361
36	516
36	1407
36	1020
36	1378
36	3012
37	2524
37	3371
37	3503
37	1060
37	3254
37	1751
38	2971
38	1397
38	1153
38	2090
38	2978
38	862
39	263
39	3307
39	3386
39	2945
40	432
40	958
40	1103
41	364
41	887
41	2923
41	1920
41	1505
41	1340
42	727
42	1029
42	540
42	948
42	2371
42	318
43	2899
43	655
43	3479
43	2803
43	2363
43	2541
44	3291
44	2183
44	391
45	1463
45	1573
45	1804
45	2949
45	3525
45	1012
46	1018
46	866
46	1119
46	2519
46	981
47	2672
47	3358
47	135
47	1956
47	1334
47	686
48	2361
48	2029
48	1320
49	2120
49	2166
49	883
49	2662
49	614
49	1372
50	583
50	66
50	590
50	3496
50	2913
50	927
51	3545
51	151
51	2864
51	3500
51	652
51	1239
52	1871
52	1315
52	3247
52	3213
52	1531
52	1390
53	1555
53	1952
53	1598
53	936
53	1819
53	306
54	1775
54	1225
54	2838
54	212
54	2782
54	106
55	87
55	2146
55	481
55	1586
55	1036
55	1065
56	1169
56	2015
56	1354
56	351
56	1290
56	951
57	576
57	3138
57	561
57	810
57	3029
58	3000
58	2216
58	2095
58	3563
58	1799
58	3207
59	822
59	364
59	493
59	102
59	2994
59	2344
60	1830
60	1867
60	2849
60	2459
60	2785
60	3451
61	1795
61	3154
61	3335
61	1533
61	1854
61	3119
62	337
62	1596
62	165
62	1083
62	1289
62	2974
63	1724
63	504
63	2150
63	858
63	2718
64	3164
64	986
64	1487
64	2933
64	2172
64	2468
65	166
65	2736
65	849
65	2264
65	3046
65	1489
66	1884
66	583
66	3496
66	3063
66	953
67	1377
67	835
67	2089
67	188
67	2778
68	1800
68	1155
68	1035
68	533
68	1938
68	2653
69	3001
69	319
69	2841
69	3256
69	2060
69	2335
70	1529
70	1944
70	1109
70	2563
70	2854
70	2010
71	541
71	1482
71	793
71	449
71	1217
71	2886
72	3097
72	3483
72	910
72	2191
72	355
72	2084
73	235
73	856
73	2343
73	3283
73	999
73	2460
74	1307
74	1827
74	379
74	1638
74	965
74	2654
75	410
75	801
75	3385
75	678
75	3106
75	1352
76	649
76	1621
76	1725
76	292
76	2691
76	3218
77	1731
77	3241
77	1934
77	2525
77	2326
77	1590
78	3409
78	1675
78	119
78	1594
78	1764
78	757
79	2904
79	1825
79	1687
79	605
79	2665
79	3145
80	904
80	3285
80	1896
80	2358
80	698
80	1690
81	868
81	2835
81	547
81	2600
81	1245
81	779
82	2953
82	1009
82	659
82	3182
82	1832
82	3487
83	2200
83	1174
83	1343
83	2138
83	2510
83	1028
84	1440
84	490
84	1051
84	3459
84	3410
84	2529
85	820
85	3074
85	2405
85	1759
85	616
85	3560
86	1600
86	2755
86	1067
86	2664
86	3412
86	1989
87	1903
87	1475
87	2146
87	2497
87	1586
88	2452
88	2527
88	2189
88	2376
88	2661
88	3470
89	2066
89	2527
89	3470
89	1930
89	2308
89	3166
90	2222
90	848
90	607
90	132
90	2009
90	368
91	949
91	2480
91	1873
91	393
91	317
91	1398
92	3244
92	126
92	3446
92	1128
92	3402
92	1224
93	2205
93	1841
93	2614
93	3211
93	433
93	1070
94	2012
94	1220
94	2213
94	924
94	1795
94	3154
95	1385
95	3557
95	2713
95	1452
95	2134
95	2610
96	1022
96	2028
96	325
96	3179
96	1743
96	2242
97	3170
97	1467
97	630
97	3080
97	3297
97	1765
98	2991
98	2161
98	3294
98	3082
98	204
98	2535
99	3208
99	3015
99	530
99	2362
99	197
99	1808
100	3091
100	567
100	1041
100	2136
100	301
100	2245
101	1054
101	946
101	912
101	1127
101	1011
102	2133
102	493
102	450
102	1367
102	2344
103	2666
103	1096
103	3116
103	3187
103	724
103	3237
104	2393
104	2387
104	799
104	1080
104	1170
104	1310
105	238
105	2346
105	2477
105	615
105	2275
105	1456
106	2334
106	1225
106	212
106	3451
106	3027
107	1628
107	1404
108	2959
108	2866
108	2435
108	2235
109	2936
109	1045
109	899
109	2833
109	369
109	1774
110	2466
110	794
110	2788
110	1592
110	395
110	1602
111	843
111	2334
111	2645
111	1039
111	1225
111	1391
112	3402
112	1224
112	3481
112	390
112	3369
113	1524
113	826
113	657
113	2992
113	1191
113	2616
114	973
114	1612
114	2378
114	658
114	390
115	976
115	1845
115	760
115	2210
115	237
115	2732
116	936
116	837
116	1566
116	1172
116	377
116	3381
117	445
117	135
117	1145
117	2329
117	1031
117	1918
118	1042
118	3035
118	471
118	650
118	1880
118	3553
119	1675
119	1859
119	2358
119	1594
119	3436
120	3031
120	453
120	1182
120	164
120	1201
120	824
121	2011
121	375
121	802
121	2652
121	2150
122	2276
122	3227
122	808
122	1858
122	2070
122	2577
123	365
123	508
123	2290
123	2827
123	1717
123	1580
124	1973
124	980
124	2712
124	446
124	3004
124	2918
125	3462
125	1183
125	2214
125	2428
125	1754
125	2698
126	789
126	3446
126	2861
126	2360
126	3402
127	947
127	1089
127	343
127	2473
127	2112
127	1897
128	442
128	1959
128	3497
128	1273
128	415
128	3161
129	703
129	372
129	523
129	3107
129	3421
129	3471
130	542
130	1373
130	916
130	445
130	1918
130	2631
131	1363
131	1375
131	2409
131	2605
131	3441
132	3538
132	848
132	607
132	733
132	3325
133	1847
133	2998
133	1726
133	3348
133	3497
133	2950
134	928
134	2650
134	1347
134	375
134	1346
134	753
135	2672
135	1145
135	686
135	1031
136	3349
136	1197
136	2122
136	1962
136	2820
136	1641
137	589
137	1405
137	1486
137	3332
137	1034
137	2226
138	223
138	786
138	3305
138	801
138	3106
139	2125
139	898
139	1056
139	1122
139	830
139	3403
140	308
140	3312
140	2967
140	2261
140	963
140	1291
141	1831
141	1078
141	618
141	2398
141	2999
141	1661
142	1318
142	1618
142	529
142	3157
142	1415
142	489
143	2982
143	1326
143	327
143	492
143	2630
143	1631
145	1466
145	962
145	747
145	1078
145	618
145	303
146	2062
146	1695
146	429
146	1622
146	3555
146	2704
147	283
147	2963
147	2692
147	3188
147	1299
147	2760
148	3204
148	302
148	411
148	477
148	2602
149	3531
149	3090
149	2273
149	2112
149	726
149	682
150	1059
150	2676
150	1343
150	495
150	1428
150	2138
151	3545
151	723
151	2388
151	1371
151	1239
152	1443
152	484
152	2738
152	3522
152	850
152	2496
153	2995
153	1285
153	2227
153	2276
153	2476
153	808
154	2418
154	1046
154	574
154	218
154	3288
154	669
155	248
155	946
155	956
155	500
155	1127
155	1136
156	2482
156	2453
156	2960
157	3526
157	2583
157	1137
157	1975
157	1410
157	555
158	599
158	2625
158	3125
158	2692
158	1883
158	3188
159	2151
159	1231
159	1745
159	3517
159	2058
159	239
160	2390
160	777
160	3411
160	291
160	3078
160	1095
161	1818
161	263
161	1539
162	480
162	2179
162	506
162	1297
162	3149
162	1241
163	641
163	1655
163	2826
164	1182
164	2110
164	824
164	1533
164	1742
165	337
165	1596
165	2419
165	661
165	1288
166	1779
166	2817
166	1141
166	2264
166	1489
167	1393
167	352
167	1599
167	444
167	283
167	3498
168	3318
168	2971
168	2755
168	602
168	2090
168	2441
169	1258
169	1366
169	2127
169	1116
169	3236
169	1787
170	2456
170	1947
170	1757
170	1369
170	673
170	3464
171	1363
171	580
171	2007
171	309
171	2165
171	3430
172	3284
172	834
172	1849
172	2457
172	1395
172	2825
173	2092
173	1974
173	2080
173	2980
173	3129
173	1789
174	1190
174	177
174	2030
174	2240
174	426
174	3391
175	1876
175	2501
175	1772
175	1545
175	2845
175	328
176	1569
176	2286
176	1462
176	2749
176	3365
176	2399
177	948
177	498
177	2240
177	1693
177	426
178	1923
178	2440
178	3041
178	3063
178	1270
178	3194
179	2864
179	429
179	652
179	957
179	2704
179	2881
180	216
180	1525
180	1894
180	2954
180	1703
180	2558
181	2901
181	773
181	1105
181	2837
181	2870
181	2603
182	196
182	1484
182	1756
182	3418
182	507
182	632
183	1596
183	1032
183	2828
183	2419
183	2048
183	3234
184	2946
184	2171
184	2847
184	2871
184	2169
184	746
185	2489
185	750
185	1786
185	535
185	842
185	2282
186	1142
186	1507
186	2467
186	3311
186	3379
187	2811
187	3359
187	1738
187	3467
187	2248
187	2443
188	1377
188	2089
189	1644
189	2641
189	526
189	1218
189	1023
189	1372
190	566
190	1047
190	1497
190	1097
190	1732
190	1746
191	3316
191	624
191	3522
191	648
192	1376
192	1124
192	1712
192	1856
192	2677
192	2710
193	1792
193	1999
193	284
193	672
193	697
193	2487
194	468
194	272
194	3243
194	1508
194	1945
194	1106
195	1156
195	261
195	2973
195	2622
195	1609
195	3372
196	2057
196	1357
196	1484
196	507
196	3499
197	3197
197	2187
197	2362
197	3186
197	1808
198	3321
198	1188
198	765
198	1809
198	3251
199	1858
199	2514
199	617
199	2577
199	1513
199	1874
200	3330
200	1156
200	2365
200	2613
200	435
200	2973
201	804
201	257
201	2091
201	209
201	2983
201	459
202	2372
202	2722
202	770
202	2455
202	3262
202	3308
203	1377
203	1409
203	1937
203	2550
204	1535
204	2991
204	2161
204	556
204	2005
205	2691
205	351
205	3218
205	1064
205	1920
205	2406
206	313
206	231
206	797
206	1729
206	367
206	2943
207	1293
207	687
207	1237
207	3556
207	1417
207	2464
208	2433
208	2569
208	411
208	3007
208	1761
208	3094
209	532
209	804
209	1483
209	3327
209	2091
210	1654
210	234
210	2908
210	3030
210	2472
210	1114
211	434
211	791
211	2634
211	3456
211	2458
211	989
212	2838
212	2679
212	3027
212	1578
213	271
213	982
213	1024
213	3292
213	346
213	1673
214	1807
214	2934
214	2555
214	2391
214	869
214	545
215	412
215	633
215	3478
215	550
215	845
215	378
216	3196
216	1541
216	1981
216	1525
216	1894
217	3178
217	1205
217	2044
217	3180
217	3190
217	1082
218	1046
218	574
218	3302
218	2573
218	3508
219	1973
219	2166
219	883
219	2926
219	3000
219	2216
220	1961
220	1337
220	628
220	537
220	860
220	481
221	2670
221	1426
221	3546
221	1906
221	3189
221	1138
222	811
222	3293
222	502
222	2323
222	2169
222	746
223	901
223	2765
223	1935
223	786
223	801
224	822
224	1621
224	292
224	2528
224	1084
224	493
225	2188
225	3313
225	305
225	2832
225	1645
225	552
226	839
226	1251
226	3243
226	1945
226	2764
226	3273
227	1907
227	1175
227	3278
227	2754
227	1651
227	708
228	2837
228	1193
228	2603
228	2617
228	2879
228	3356
229	3073
229	894
229	2067
229	1738
229	1185
229	2287
230	1806
230	1501
230	2567
230	2014
230	3416
230	1063
231	313
231	1710
231	797
231	954
231	1066
232	2009
232	1821
232	368
232	3438
232	3437
232	771
233	609
233	309
233	851
233	2165
233	3471
233	1129
234	2278
234	2256
234	1654
234	1835
234	2908
235	1081
235	856
235	2229
235	2343
235	1207
236	3540
236	2951
236	997
236	424
236	2288
236	2914
237	519
237	1845
237	449
237	2732
237	1217
238	2088
238	2477
238	2275
239	1745
239	2058
239	2891
239	265
239	1843
240	3112
240	1584
240	3324
240	1705
240	2269
240	2886
241	2449
241	1627
241	3544
241	640
241	1575
241	1302
242	1470
242	3284
242	2424
242	1395
243	3038
243	713
243	1748
243	3309
243	1849
243	3533
244	840
244	2759
244	281
244	2085
244	754
244	985
245	1983
245	1062
245	1184
245	2350
245	2480
245	317
246	2678
246	2618
246	3060
246	394
246	1171
247	991
247	2863
247	2155
247	2474
247	520
247	1900
248	2668
248	3209
248	500
248	1127
248	3519
249	2554
249	1341
249	3205
249	3426
249	2003
250	2013
250	782
250	1279
251	1113
251	681
251	2666
251	3116
251	1625
251	3074
252	2137
252	676
252	1312
252	2395
253	1700
253	1663
253	480
253	2179
253	2713
254	3346
254	604
254	2147
254	3490
254	962
254	3360
255	2839
255	1359
255	2073
255	1822
255	744
255	3394
256	457
256	3098
256	3505
256	1490
256	1990
256	3146
257	1881
257	2954
257	2091
257	2558
257	459
258	560
258	1985
258	2104
258	2747
258	2944
258	3333
259	1074
259	2025
259	2394
259	2816
259	2853
259	3360
260	3415
260	920
260	546
260	752
260	2237
261	1156
261	2810
261	344
261	3558
261	1609
262	2366
262	3345
262	1199
262	1603
262	1349
263	1909
263	3307
263	1539
264	1417
264	363
264	2464
264	2779
264	2975
264	2763
265	2058
265	998
265	1843
265	993
265	2345
266	1727
266	2671
266	2125
266	2087
266	1643
266	1979
267	947
267	2830
267	677
267	1518
267	1540
267	343
268	1958
268	1680
268	293
268	1873
268	3122
268	2844
269	1691
269	1953
269	2756
269	1785
269	716
269	2705
270	1074
270	3107
270	2853
270	2471
270	2675
270	1129
271	982
271	3006
271	3052
271	3367
271	346
272	468
272	2056
272	891
272	3243
272	2804
273	678
273	3089
273	2797
273	1125
273	1903
273	2993
274	3407
274	2687
274	3003
274	978
274	1978
274	3298
275	1734
275	3205
275	1180
275	3551
275	2683
276	2601
276	1987
276	427
276	2984
276	3219
276	3491
277	3353
277	1806
277	536
277	1501
277	2968
277	2798
278	569
278	1796
278	3320
278	1446
278	3153
278	1123
279	1994
279	846
279	3363
279	1039
279	925
280	1557
280	1972
280	2333
280	1864
280	1553
280	2123
281	1676
281	3095
281	2085
281	985
281	2201
282	800
282	2072
282	3563
282	1526
282	2820
282	1641
283	444
283	3498
283	2963
283	2692
284	2545
284	1226
284	1999
284	672
284	3199
285	1072
285	1222
285	1157
285	1394
285	1431
285	696
286	600
286	2383
286	2115
286	922
286	2677
286	2648
287	1342
287	1597
287	418
287	528
287	1404
288	2301
288	506
288	598
288	899
288	2833
288	1241
289	1192
289	1552
289	3048
289	2556
289	1252
289	2020
290	3515
290	394
290	2244
290	527
291	397
291	3411
291	1998
291	1095
291	2569
292	822
292	1621
292	887
292	3218
293	1986
293	3047
293	3122
293	2743
293	2844
294	3489
294	670
294	360
294	3336
294	3341
295	319
295	3256
295	1877
295	2013
295	1384
296	2813
296	531
296	1616
296	2498
296	3232
296	766
297	475
297	918
297	693
297	1319
297	1966
297	3065
298	586
298	2124
298	3299
298	1846
299	441
299	3112
299	1584
299	1733
299	2590
299	3448
300	2482
300	2869
300	2686
300	2606
300	2052
300	3400
301	1041
301	408
301	1374
301	2245
301	1812
302	411
302	3007
302	712
302	3249
302	2602
303	1466
303	747
303	2347
303	940
303	3113
304	2657
304	3484
304	2999
304	539
304	2523
304	1661
305	2188
305	1976
305	2500
305	552
305	2547
306	1598
306	936
306	2909
306	1662
306	1172
307	3555
307	612
307	2427
307	1957
307	2704
307	2881
308	3017
308	2184
308	1017
308	2967
308	963
309	609
309	1913
309	2165
309	3430
310	765
310	2111
310	3044
310	2834
310	833
311	1460
311	3252
311	3201
311	1331
311	2884
311	3064
312	361
312	2045
312	2361
312	2029
312	1242
312	908
313	1344
313	2778
313	954
313	2943
314	2741
314	576
314	382
314	1608
314	2003
315	1162
315	1685
315	1578
315	1232
315	2517
315	1783
316	2819
316	573
316	2295
316	566
316	2729
316	2239
317	1062
317	1680
317	2480
317	1873
318	948
318	2240
318	2371
318	1936
318	2549
319	3001
319	3256
319	1384
319	1976
320	1564
320	661
320	1288
320	3465
320	622
320	2356
321	3382
321	2745
321	2309
321	1194
321	3162
321	3208
322	1728
322	821
322	675
322	2731
322	487
322	3473
323	2847
323	3389
323	2465
323	784
323	3560
324	2538
324	1222
324	865
324	3133
324	1588
324	1777
325	1353
325	2028
325	1317
325	3328
325	2242
326	1064
326	999
326	2758
326	2406
326	979
326	2460
327	443
327	2982
327	2815
327	596
327	2630
328	2501
328	1545
328	3021
328	2339
328	1649
329	923
329	1861
329	1567
329	2225
329	1362
329	1087
330	1804
330	335
330	1012
330	2302
330	1659
330	570
331	2530
331	761
331	3271
331	518
331	1130
331	1295
332	414
332	1561
332	1718
332	1971
332	2145
332	1414
333	1943
333	1720
333	2862
333	2773
333	3330
333	2810
334	2726
334	826
334	1441
334	3529
334	1336
334	2560
335	706
335	1804
335	2103
335	570
335	2865
336	2299
336	751
337	3069
337	2974
337	764
337	1288
338	634
338	1204
338	2035
338	3036
338	2144
339	813
339	1103
339	603
340	1025
340	1236
340	2604
340	2403
341	1007
341	3387
341	792
341	3553
341	3354
341	666
342	1818
342	2824
342	1428
342	2215
342	2298
342	1539
343	947
343	1540
343	406
343	1897
344	1811
344	3558
344	2624
344	1305
344	1609
345	1700
345	3056
345	2521
345	2359
345	1887
345	1863
346	3367
346	2289
346	1673
346	3249
347	1639
347	420
347	1279
347	2063
347	3480
348	608
348	1382
348	1061
348	3343
348	1131
348	1695
349	1117
349	636
349	814
349	1063
349	689
349	2279
350	1472
350	1327
350	2818
350	3460
350	2751
350	2338
351	2691
351	2015
351	951
351	2406
352	1928
352	1599
352	1132
352	1311
352	3498
353	3111
353	720
353	1583
353	2330
353	1828
353	3114
354	876
354	2719
354	1451
354	1683
354	2476
354	2263
355	3097
355	967
355	2167
355	2084
356	1152
356	3468
356	1519
356	2133
356	450
356	2964
357	905
357	2938
357	1718
357	1265
357	1995
357	582
358	2931
358	1889
358	457
358	2294
358	2135
358	2123
359	3466
359	3127
359	2627
359	1965
359	688
359	1476
360	1470
360	670
360	2424
360	3336
361	805
361	2045
361	2361
362	1577
362	1439
362	2267
362	2792
362	3373
362	3457
363	1417
363	3075
363	1057
363	699
363	2975
364	822
364	887
364	2994
364	1340
365	3443
365	508
365	3136
365	1498
365	2290
366	2553
366	1332
366	1324
366	2386
366	2633
366	2313
367	797
367	1729
367	3509
367	2650
367	3141
368	607
368	2009
368	1821
368	2170
369	1752
369	1045
369	899
369	2697
369	3364
370	2039
370	3031
370	2259
370	3530
370	1201
371	3174
371	2182
371	3476
371	2379
372	1875
372	703
372	523
372	2100
372	2094
373	1512
373	536
373	3008
373	1942
373	2233
374	422
374	934
374	3093
374	3084
374	1176
374	1266
375	928
375	2011
375	753
375	802
376	1776
376	3404
376	1660
376	3269
376	1150
376	1304
377	1577
377	1566
377	1172
377	3562
377	1439
378	2681
378	412
378	3478
378	2250
378	1534
379	997
379	1992
379	1638
379	1595
379	2654
380	954
380	1066
380	921
380	1002
380	1853
380	2900
381	1681
381	2072
381	1898
381	1919
381	1996
381	1526
382	2741
382	1029
382	540
382	1341
382	2003
383	1581
383	2559
383	2410
383	1730
383	417
383	2588
384	841
384	1791
384	2981
384	1999
384	697
384	1589
385	812
385	1653
385	2907
385	3462
385	1213
386	758
386	2536
386	2552
386	3171
387	2905
387	2158
387	1970
387	3127
387	2627
388	2866
388	2235
388	2357
388	3316
388	2776
388	624
389	1872
389	1016
389	1061
389	2062
389	497
389	3528
390	1224
390	2378
390	2105
391	2183
391	1623
391	3058
392	1525
392	3222
392	2518
392	2621
392	1703
392	3096
393	1958
393	1873
393	1781
393	1398
393	1469
394	1171
394	2244
395	1592
395	789
395	3446
395	1602
395	831
396	2016
396	2996
396	611
396	704
396	2658
396	1325
397	2983
397	459
397	2972
397	3411
397	1998
398	879
398	3047
398	1449
398	2743
399	1393
399	1163
399	1097
399	1599
399	1202
399	494
400	1294
400	2530
400	2994
400	761
400	2344
400	3355
401	2195
401	3303
401	2374
401	3542
401	2937
401	3561
402	3259
402	1387
402	545
402	3213
402	2170
402	1531
403	1506
403	1478
403	3071
403	2363
403	2949
403	3525
404	3020
404	2872
404	918
404	2181
404	2997
404	1606
405	755
405	1580
405	3511
405	3082
405	2535
405	2526
406	2562
406	1540
406	1735
406	1075
406	1897
407	3076
407	3010
407	1908
408	1274
408	2245
408	1812
408	2194
408	1697
409	1380
409	1712
409	3407
409	2593
409	2794
409	2305
410	3272
410	901
410	1711
410	801
410	3385
411	3204
411	3007
411	3094
412	1731
412	633
412	2525
412	2250
413	424
413	3023
413	911
413	767
413	3257
413	3042
414	2176
414	1718
414	1995
414	1582
414	1414
415	3497
415	2950
415	644
415	1038
415	3161
416	3541
416	1838
416	1902
416	2594
416	2580
416	1195
417	2559
417	2597
417	2948
417	2099
417	2588
418	2922
418	1597
418	463
418	1628
418	1404
419	2463
419	1954
419	796
419	3020
419	1579
419	693
420	2188
420	1639
420	739
420	3480
420	3313
421	2052
421	3400
421	2034
421	1143
421	1929
421	3005
422	3053
422	934
422	1266
422	2939
422	3270
423	2922
423	1236
423	463
424	2288
424	2914
424	3023
424	911
425	3405
425	1392
425	2739
425	1697
425	606
425	1939
426	1177
426	2030
426	470
426	1693
427	1987
427	3219
427	524
427	534
427	2383
428	2296
428	2434
428	1793
428	1513
428	2266
428	3486
429	1131
429	1695
429	957
429	2704
430	1100
430	2493
430	1204
431	994
431	2198
431	3109
431	2783
431	2694
431	857
432	3445
432	3535
432	958
432	1782
433	1544
433	3211
433	1070
434	3266
434	2762
434	1565
434	791
434	2634
435	2613
435	3068
435	2973
435	1183
435	1754
436	1401
436	2848
436	2417
436	2171
436	502
436	746
437	1742
437	1854
437	3541
437	1838
437	1107
437	3084
438	447
438	3413
438	1205
438	3181
438	3180
438	3077
439	2797
439	1437
439	544
439	2993
439	1961
439	1337
440	2252
440	873
440	2159
440	3472
440	2662
440	2373
441	715
441	1733
441	2590
442	1390
442	2998
442	783
442	1959
442	3497
443	776
443	2982
443	2815
443	1768
443	2283
444	1393
444	1732
444	599
444	2692
445	542
445	3025
445	2329
445	1918
446	1973
446	3000
446	2095
446	2285
446	2918
447	2243
447	2551
447	1402
447	3413
447	1205
448	1949
448	2895
448	2989
448	1142
448	2843
448	3311
449	2732
449	1217
449	2269
449	2886
450	1519
450	2133
450	1084
450	493
451	3266
451	2634
451	2083
451	3105
451	925
452	1006
452	860
452	2259
452	1397
452	2978
453	1473
453	790
453	3031
453	717
453	1182
454	3344
454	3443
454	3253
454	2660
454	3136
455	1164
455	966
455	1726
455	684
455	3331
455	2277
456	3009
456	806
456	1530
456	3072
456	1209
456	505
457	2931
457	2294
457	3098
457	1990
458	3076
458	1432
458	1035
458	1908
458	3168
458	2377
459	1881
459	2983
459	2972
460	2748
460	1931
460	2512
460	3228
460	3019
460	1842
461	1296
461	750
461	1383
461	842
461	517
461	3378
462	3023
462	1360
462	1893
462	2195
462	3257
462	3542
463	2922
463	1628
464	836
464	2414
464	2781
464	1721
464	2539
464	1833
465	3423
465	1219
465	2260
465	3520
465	1230
465	1492
466	2099
466	1133
466	2885
466	943
466	2588
466	2714
467	3039
467	3062
467	2446
467	3349
467	2173
467	597
468	3353
468	891
468	1912
468	1508
469	2593
469	1159
469	1960
469	2850
469	3547
469	3003
470	1227
470	1177
470	2030
470	2579
470	1704
471	2875
471	2572
471	3035
471	3387
471	3553
472	910
472	1769
472	2084
472	2241
472	1816
472	3143
473	2300
473	2454
473	2311
473	674
473	1656
473	1805
474	858
474	2718
474	1301
474	2796
474	2592
474	1163
475	3389
475	1579
475	693
475	1092
475	3065
476	1216
476	2961
476	2659
476	1779
476	2651
476	1852
477	3204
477	3051
477	914
477	3081
478	1455
478	2281
478	2586
478	2934
478	1110
478	2485
479	1546
479	2425
479	1824
479	3228
479	1801
479	3115
480	2179
480	1297
480	3557
480	2713
481	1337
481	2146
481	628
481	1065
482	1190
482	3391
482	1737
482	1848
482	3221
482	1421
483	836
483	1790
483	2781
483	1870
483	1753
483	1193
484	1443
484	1885
484	3513
484	3522
484	648
485	1604
485	1370
485	578
485	1348
485	3321
485	1188
486	2297
486	550
486	1361
486	3173
486	2623
486	3350
487	821
487	675
487	1716
487	1405
487	3332
488	2611
488	2268
488	1611
488	3329
488	3200
488	1651
489	3157
489	1750
489	1415
489	734
490	1051
490	2163
490	909
490	3459
490	3044
491	1681
491	802
491	1515
491	1996
491	2522
491	2652
492	1326
492	2772
492	1631
492	2701
492	1865
493	822
493	1084
494	620
494	1497
494	1301
494	1163
494	1097
495	1059
495	2676
495	2236
495	3132
495	952
496	541
496	1834
496	2034
496	3005
496	3324
496	1601
497	1872
497	2549
497	1984
497	1627
497	3528
498	727
498	3032
498	510
498	948
498	1693
499	1544
499	1965
499	1823
499	2977
499	2912
500	3101
500	1560
500	2668
500	1136
501	584
501	774
501	1088
501	3468
501	3554
501	2867
502	2848
502	2323
502	2966
502	746
503	2209
503	2389
503	1263
504	3183
504	3512
504	1724
504	2718
504	3454
505	3072
505	1209
505	1915
505	850
505	2021
506	2301
506	1778
506	2179
506	1241
507	2672
507	1031
507	3499
507	632
508	728
508	972
508	3136
508	2827
509	2888
509	932
509	1803
509	679
509	1927
509	2942
510	3032
510	3258
510	1356
510	1275
510	1693
511	2426
511	1155
511	1432
511	1044
512	2375
512	807
512	2023
512	3115
512	1921
512	759
513	1561
513	1091
513	1971
513	2255
513	2415
513	3398
514	2393
514	1350
514	2190
514	1080
514	888
514	1270
515	800
515	2265
515	3207
515	3198
515	1532
515	1555
516	1614
516	2297
516	1361
516	859
516	1020
517	842
517	828
517	3427
517	3442
517	3378
518	761
518	3269
518	1993
518	1304
518	1130
519	2402
519	2884
519	1845
519	654
519	1217
520	2026
520	991
520	3390
520	3461
520	2155
521	3388
521	1128
521	2484
521	2456
521	1369
521	2105
522	2958
522	705
522	939
522	1951
522	3018
522	2116
523	1074
523	1875
523	3107
523	2394
524	638
524	738
524	1987
524	600
524	2383
525	722
525	788
525	2721
525	1090
525	3148
525	945
526	1218
526	1256
526	2876
526	614
526	1372
527	3220
527	3277
527	2842
527	3515
527	2244
528	1471
528	1342
528	1597
528	2818
528	2338
529	1262
529	1318
529	3178
529	2044
529	3157
530	3015
530	2445
530	889
530	3092
530	1808
531	2498
531	1927
531	1640
531	3232
531	2942
532	1839
532	2270
532	1483
532	3327
532	2192
533	1035
533	2377
533	2653
533	2154
533	2546
534	3219
534	1837
534	2533
534	2383
534	2115
535	1786
535	2632
535	2829
535	1071
535	2282
536	1806
536	1942
536	2798
536	2233
537	628
537	860
537	3318
537	2971
537	2978
538	1459
538	2185
538	1594
538	1764
538	2064
538	3372
539	2657
539	3089
539	3225
539	2523
539	1352
540	727
540	1029
540	1925
540	1341
541	1482
541	1834
541	3324
541	2886
542	1373
542	1101
542	1556
542	3025
543	3440
543	1447
543	1333
543	2772
543	2701
543	1406
544	1437
544	3282
544	1961
544	1006
544	3469
545	2555
545	2391
545	1387
545	1531
546	3248
546	752
547	1243
547	2835
547	768
547	2700
547	779
548	885
548	3029
548	1382
548	3343
548	3564
548	2752
549	867
549	1324
549	2633
549	1379
549	3310
550	633
550	2297
550	845
550	3173
551	1929
551	715
551	3120
552	2956
552	1645
552	2547
553	3105
553	1780
553	1911
553	2988
553	2645
553	1391
554	2066
554	1930
554	2411
554	3209
554	2119
554	3519
555	1975
555	1410
555	3518
555	2673
555	2423
556	1535
556	2991
556	2519
556	913
557	1242
557	575
557	2193
557	1282
557	662
557	2100
558	3191
558	2370
558	2126
558	1778
558	1863
559	1465
559	2342
559	613
560	1985
560	856
560	2229
560	2944
560	2576
561	3138
561	1212
561	3190
561	1082
562	1200
562	944
562	2381
562	2671
562	827
562	898
563	2103
563	2412
563	794
563	1583
563	2865
563	2788
564	1109
564	2516
564	1883
564	3188
564	2760
564	2563
565	2780
565	2822
565	3139
565	1072
565	1157
565	2859
566	2295
566	1047
566	1746
566	2239
567	3365
567	3091
567	2399
567	3453
567	2245
568	1944
568	1714
568	1536
568	2470
568	2219
568	984
569	1796
569	3320
569	2979
569	2040
569	2431
570	1659
570	2303
570	720
570	2865
571	1014
571	1899
571	2400
571	1800
571	2426
571	2022
572	3548
572	881
572	2505
572	3404
572	1335
572	3347
573	2819
573	3198
573	1952
573	2639
573	2729
574	3312
574	2261
574	669
574	3302
575	1133
575	1242
575	908
575	2885
575	662
576	2741
576	2986
576	810
577	2419
577	1564
577	2048
577	2046
577	661
577	829
578	1522
578	1348
578	2172
578	1188
578	2337
579	2730
579	3319
579	2355
579	2317
580	3495
580	1363
580	1375
580	2007
580	3506
581	1300
581	3523
581	3315
581	2965
581	2953
581	1424
582	1400
582	905
582	1033
582	1265
582	2109
583	2440
583	2387
583	927
583	3063
584	1814
584	3399
584	774
584	3468
584	1519
585	769
585	1937
585	647
585	1322
585	2550
586	2247
586	1895
586	2124
587	2491
587	2042
587	772
587	2647
587	2578
587	613
588	983
588	1100
588	2840
588	2018
589	1832
589	2561
589	1405
589	1486
589	3487
590	853
590	2774
590	2246
590	2913
590	927
591	3493
591	1719
591	3531
591	2118
591	726
591	3550
592	2499
592	2587
592	1328
592	2611
592	3134
592	1611
593	1230
593	2607
593	2632
593	2829
593	3160
593	1492
594	863
594	1658
594	2753
594	1787
594	1445
594	868
595	778
595	2916
595	2646
595	1780
595	2988
595	1240
596	2815
596	817
596	3323
596	2630
596	3164
597	2352
597	3062
597	3349
597	2122
597	2106
598	2328
598	2301
598	1333
598	1406
598	2833
599	1732
599	1746
599	3125
599	2692
600	738
600	1376
600	2383
600	2677
601	3272
601	777
601	1267
601	3385
601	1125
601	1475
602	2090
602	1861
602	2441
602	1158
602	1087
603	813
603	1211
603	1103
603	2921
603	1619
604	3346
604	967
604	3108
604	2167
604	3490
605	1549
605	2665
605	635
605	2032
605	3145
606	1812
606	1697
606	2450
606	2513
606	1939
607	3259
607	733
607	2170
608	1016
608	2986
608	810
608	1382
608	1061
609	1314
609	1913
609	3421
609	3471
610	2280
610	2266
610	1997
610	3129
610	3486
611	2118
611	2846
611	3550
611	2996
611	704
612	2898
612	3555
612	2427
612	775
613	1465
613	2491
613	2342
613	2578
614	873
614	2876
614	2662
614	1372
615	3535
615	2346
615	3477
615	1782
615	2275
616	1759
616	784
616	3560
616	1992
616	1638
617	3214
617	2577
617	2874
617	1874
617	2932
618	3346
618	962
618	1831
618	1078
619	780
619	3371
619	2575
619	886
619	1773
619	1788
620	2522
620	2702
620	1497
620	1301
620	2327
621	1248
621	3185
621	3301
621	1274
621	1167
621	2194
622	764
622	1288
622	1151
622	2509
622	2356
623	1469
623	2246
623	2913
623	854
623	1869
623	2055
624	3316
624	2776
624	2738
624	3522
625	3478
625	2140
625	1534
625	2846
625	3170
625	3297
626	743
626	2917
626	741
626	780
626	2515
626	1773
627	1481
627	2766
627	3301
627	1167
627	2608
627	926
628	3318
628	1065
628	2664
629	2661
629	2503
629	3470
629	2537
629	3152
629	2308
630	845
630	3170
630	1286
630	3080
630	3173
631	3184
631	3037
631	1706
631	1762
631	2310
631	3143
632	3418
632	2672
632	1620
632	1334
633	1614
633	2525
633	2297
634	2144
634	1964
634	3280
635	2032
635	3145
635	2607
635	1786
635	2632
636	1117
636	2367
636	2534
636	2438
636	2279
637	2919
637	2157
637	2791
637	1214
637	1698
637	1027
638	1022
638	2495
638	1743
638	738
638	1987
639	2868
639	3536
639	2432
639	1696
639	2543
639	896
640	1627
640	3528
640	1302
640	1622
641	2205
641	2823
641	1655
642	1535
642	981
642	1825
642	1687
642	3444
643	2307
643	1841
643	781
643	2174
643	1970
643	3240
644	2950
644	855
644	1038
644	1785
644	2331
645	1822
645	1033
645	744
645	2224
645	2707
645	1763
646	1537
646	667
646	2920
646	2375
646	3135
646	807
647	1472
647	1471
647	769
647	1322
647	2338
648	3513
648	3522
649	942
649	1086
649	1770
649	1621
649	1725
650	1042
650	1386
650	1880
650	937
650	2562
651	1528
651	2887
651	790
651	3282
651	2039
651	3469
652	3066
652	3545
652	2864
652	957
653	2274
653	1943
653	844
653	2488
653	664
653	2365
654	2884
654	3064
654	1845
654	1135
654	3055
655	988
655	1550
655	2899
655	975
655	2541
656	3455
656	2585
656	736
656	897
656	853
656	2774
657	742
657	3288
657	2992
657	2271
657	2616
658	2238
658	1612
658	3124
658	2141
659	2397
659	911
659	3182
659	767
659	1832
660	1024
660	3292
660	1213
660	2428
660	1760
660	3193
661	2419
661	1564
661	1288
662	1133
662	2100
662	2094
663	1509
663	2515
663	2706
663	1665
663	886
663	1773
664	2488
664	3428
664	2695
664	2365
664	2613
665	2921
665	1758
665	1982
665	1493
665	714
665	1433
666	792
666	3354
666	1624
666	3510
666	2784
667	1546
667	679
667	1140
667	2920
667	2375
668	2969
668	2570
668	1166
668	1791
668	2981
668	1386
669	3312
669	3361
669	2418
669	1916
670	1470
670	3038
670	1748
670	3341
671	3197
671	2348
671	1860
671	3186
671	1148
672	2699
672	3199
672	3317
672	2487
673	2456
673	2987
673	2518
673	3096
673	3464
674	1656
674	1805
674	1914
674	1422
674	3039
675	2731
675	1716
675	2721
675	2168
676	2395
676	2840
676	2018
677	2086
677	2830
677	2565
677	2156
677	1518
678	3385
678	3089
678	1352
678	1125
679	2888
679	1140
679	1927
679	2920
680	1413
680	3163
680	1255
680	976
680	2644
680	1135
681	3504
681	3393
681	1113
681	930
681	1625
682	2681
682	2473
682	2273
682	2033
682	2112
683	1145
683	686
683	1576
683	1013
683	2117
683	2082
684	1892
684	3331
684	2257
684	2277
684	3137
685	1438
685	1001
685	1959
685	1273
685	2617
685	1313
686	1145
686	1956
686	2117
687	2746
687	1293
687	3095
687	1237
688	2627
688	3177
688	1476
688	2088
688	2477
689	814
689	2158
689	2279
690	1168
690	2696
690	2560
690	2531
690	3485
690	3370
691	3358
691	1620
691	1032
691	1334
691	1083
691	1495
692	3202
692	959
692	3523
692	1077
692	3215
692	3315
693	3020
693	1579
693	918
694	3176
694	1169
694	1709
694	2343
694	3283
694	3246
695	1520
695	2711
695	1069
695	1479
695	2880
695	2076
696	1222
696	1431
696	2750
696	2025
696	1777
697	1792
697	1999
697	1589
697	1316
698	904
698	2570
698	1690
698	2086
698	2565
699	1057
699	2693
699	2041
699	2975
699	2494
700	2615
700	3357
700	1209
700	3424
700	1915
700	731
701	2790
701	2063
701	2089
701	3480
702	1875
702	1588
702	2094
702	2750
702	1777
703	1282
703	1851
703	2100
703	3421
704	2846
704	1467
704	3297
704	1325
705	3148
705	2958
705	945
705	3018
705	1261
706	1463
706	1804
706	1739
706	1321
706	2103
707	1941
707	867
707	740
707	2940
707	1379
707	2077
708	1907
708	1175
709	1516
709	2780
709	2822
709	2136
709	3118
709	2928
710	756
710	1857
710	1187
711	2049
711	3494
711	1629
711	725
711	3152
711	3491
712	2180
712	749
712	1673
712	3249
712	2602
713	942
713	3309
713	1946
713	3533
713	1086
714	2422
714	1493
714	3467
714	2248
714	1433
715	3120
715	2590
716	1953
716	2705
716	2941
716	1506
716	1478
717	1473
717	2004
717	3131
717	3268
717	1182
718	2864
718	3500
718	1688
718	3488
718	1957
718	2881
719	740
719	3169
719	2940
719	1684
720	2303
720	3111
720	1583
720	2865
721	3509
721	2832
721	1645
721	1771
721	1347
721	2669
722	788
722	2731
722	2721
722	2502
722	2249
723	1371
723	1239
723	2189
723	2376
723	3011
724	820
724	3116
724	1503
724	1077
724	3237
725	2537
725	3152
725	3219
725	3491
725	2533
726	3531
726	2140
726	2273
726	2118
727	1925
727	3032
727	948
728	972
728	953
728	2557
728	798
728	2827
729	2775
729	3250
729	1357
729	2836
729	1146
729	2508
730	2203
730	3435
730	2177
730	1412
730	1991
731	2143
731	2401
731	3424
731	1915
731	2910
732	3255
732	2682
732	978
732	1434
732	2711
732	3298
733	778
733	2408
733	3259
733	3325
734	1750
734	1890
734	2006
734	2752
735	1007
735	2656
735	2748
735	2572
735	3387
735	1931
736	3047
736	3455
736	2585
736	1449
736	2844
737	995
737	2690
737	2771
737	2976
737	2757
737	1423
738	1743
738	1813
738	1376
739	2790
739	3480
739	3313
739	1729
739	3141
740	1980
740	1941
740	3169
740	2940
741	1837
741	743
741	2115
741	780
741	2648
742	1496
742	1571
742	3046
742	2271
742	2616
743	1940
743	1837
743	3206
743	2917
744	1359
744	1822
744	1554
744	1763
745	3393
745	1477
745	2871
745	1625
745	2405
746	2171
746	2169
747	1078
747	3492
747	3113
747	2004
748	1633
748	3386
748	2945
748	3295
748	1649
749	2180
749	3285
749	1690
749	2602
749	2768
750	2489
750	2128
750	1296
750	842
751	3058
751	2299
751	2312
752	884
752	1502
752	3248
752	2237
753	1346
753	802
753	1515
753	1283
754	840
754	2759
754	931
754	3016
754	3033
755	798
755	2827
755	1686
755	1580
755	2535
756	2056
756	1187
756	2804
757	3409
757	1764
757	3147
757	841
757	1226
758	1196
758	2536
758	1052
759	807
759	1921
759	1798
759	3539
759	3449
760	2615
760	976
760	2644
760	2210
760	3424
761	1294
761	2530
761	3269
762	924
762	2000
762	825
762	1795
762	1669
762	3335
763	776
763	1613
763	2396
763	2723
763	1662
763	2132
764	3069
764	1866
764	1288
764	1151
765	3459
765	3044
765	3251
766	2656
766	2813
766	2875
766	2572
766	1616
767	911
767	1832
767	3042
767	2561
768	1901
768	1243
768	3399
768	774
768	2700
769	1472
769	1568
769	803
769	2550
770	2722
770	2455
770	2021
770	2910
770	2496
771	1871
771	1821
771	3438
771	1001
771	783
772	2906
772	2647
772	3034
772	2948
772	2578
773	2901
773	1435
773	3458
773	2142
773	1105
774	3399
774	2700
774	1088
775	2898
775	873
775	3472
775	2427
775	2876
776	2723
776	2132
776	1768
776	2283
777	3272
777	2390
777	3078
777	1267
778	2916
778	2646
778	2408
778	3325
779	1245
779	2700
779	2589
779	3534
780	2648
780	2575
780	1773
781	1198
781	2307
781	3287
781	2174
781	2129
782	2013
782	1639
782	1384
782	1279
782	2500
783	1871
783	1390
783	1001
783	1959
784	3389
784	3560
784	1992
784	1092
785	968
785	847
785	3174
785	2182
785	3043
785	952
786	2765
786	2310
786	3305
786	1816
787	2908
787	1893
787	3542
787	1246
787	3561
787	3030
788	1488
788	2927
788	2249
788	3148
789	3446
789	1602
789	2360
789	2114
790	2887
790	1473
790	2039
790	3031
791	1565
791	3377
791	989
791	1988
792	1880
792	3553
792	1735
792	1624
793	895
793	1482
793	992
793	2402
793	1217
794	2466
794	1139
794	2412
794	2788
795	832
795	1281
795	3079
795	2502
795	2249
795	1408
796	2946
796	950
796	1954
796	2465
796	1579
797	928
797	1710
797	2650
798	2557
798	915
798	2827
798	1686
799	897
799	2774
799	2387
799	927
799	1310
800	2072
800	3563
800	2265
800	3207
801	901
801	3106
802	1515
802	2652
803	1472
803	2196
803	1568
803	1257
803	2751
804	3327
804	3376
804	2983
804	3431
805	870
805	2962
805	2059
805	2045
806	2595
806	2340
806	3537
806	3009
806	1530
807	2375
807	3135
807	3449
808	2276
808	2719
808	2476
808	2070
809	1308
809	1448
809	2684
809	3128
809	2129
810	2986
810	3029
810	1382
811	3549
811	1721
811	1477
811	3293
811	2169
812	2415
812	3398
812	935
812	2907
813	1619
813	3010
814	2014
814	1063
814	2158
814	2319
815	2395
815	1797
815	983
815	2840
815	3434
815	3368
816	2678
816	2693
816	2618
816	3171
816	2930
816	2924
817	2815
817	1543
817	3323
817	2404
817	2793
818	2839
818	1069
818	3503
818	1359
818	3254
818	1019
819	1308
819	1723
820	3116
820	3074
820	1759
820	1503
821	1009
821	1728
821	1405
821	3487
822	887
823	1008
823	1454
823	1461
823	2990
823	913
823	3450
824	1201
824	1742
824	3541
824	1902
825	2737
825	2000
825	1527
825	1669
825	1689
826	2726
826	1524
826	1191
826	3529
827	944
827	1442
827	898
827	1056
827	987
828	3427
828	1637
828	1585
828	3378
828	2735
829	2048
829	2046
829	2339
829	1259
829	3475
830	2125
830	893
830	1643
830	3265
830	3403
831	1967
831	1592
831	3244
831	3446
831	2640
832	1281
832	3351
832	2486
832	2432
832	1408
833	1980
833	1941
833	2163
833	3044
833	2834
834	3284
834	2825
834	1221
834	3144
835	1344
835	1377
835	2778
835	1409
835	1292
836	2781
836	1833
836	3085
836	1753
837	2285
837	2918
837	936
837	1819
837	3381
838	2842
838	2041
838	1171
838	2244
838	2975
838	2763
839	2056
839	1251
839	3243
840	1567
840	1559
840	3016
840	985
841	3409
841	1226
841	2981
841	1999
842	3442
842	2282
843	2392
843	846
843	1775
843	1039
843	1225
844	2274
844	1309
844	1933
844	2896
844	2488
845	3478
845	3170
845	3173
846	1053
846	2392
846	1994
846	1039
847	2182
847	3043
847	1420
848	2061
848	3538
848	2222
848	3050
849	2418
849	2736
849	1916
849	3046
849	2271
850	3072
850	2738
850	2021
850	2496
851	2571
851	2675
851	2164
851	2165
851	1129
852	1510
852	863
852	3304
852	1658
852	3314
853	3455
853	1781
853	2774
853	2246
854	1398
854	1469
854	2055
854	1454
854	2990
855	1847
855	2950
855	2331
855	2894
855	3479
856	1985
856	2229
856	2460
857	1950
857	2783
857	2694
857	2643
857	3118
858	2150
858	2718
858	1301
858	2327
859	1614
859	1934
859	2280
859	1020
860	1961
860	1006
860	2978
861	1353
861	1118
861	2002
861	3328
861	2071
861	1892
862	923
862	1605
862	1153
862	2090
862	1087
863	1658
863	3314
863	3216
863	2753
864	2292
864	2911
864	3291
864	3013
864	2183
865	943
865	2714
865	2131
865	3133
865	1588
866	2325
866	1521
866	1119
866	981
866	3374
867	1324
867	1379
867	2077
867	3150
868	2753
868	1445
868	2835
868	2600
869	878
869	2934
869	2555
869	1203
869	1110
870	2342
870	3034
870	2962
870	2059
870	2578
871	3347
871	3275
871	1055
871	1150
871	896
871	1591
872	2252
872	2120
872	980
872	2712
872	2626
872	3447
873	3472
873	2876
873	2662
874	2407
874	2532
874	2786
874	1411
874	1298
874	2540
875	3202
875	959
875	960
875	3271
875	1664
875	1330
876	3502
876	1235
876	2995
876	1451
876	2476
877	1450
877	3419
877	3206
877	3543
877	2917
877	2130
878	2555
878	1203
878	3247
878	3165
878	2915
879	1102
879	2743
880	1018
880	2211
880	2806
880	1008
880	1820
880	3450
881	3123
881	2104
881	3548
881	2747
881	1335
882	2596
882	2507
882	2767
882	1468
882	3083
882	1220
883	1023
883	2166
883	2926
883	1372
884	1945
884	1106
884	3273
884	1502
884	2237
885	3138
885	3054
885	3029
885	1750
885	2752
886	3371
886	2706
886	1773
886	1751
887	3218
887	1920
888	1350
888	3217
888	2190
889	1755
889	3015
889	1810
889	920
889	3092
890	3112
890	1705
890	2716
890	2232
890	969
890	3448
891	3353
891	2798
891	1365
891	2804
892	2674
892	1676
892	1255
892	2143
892	2201
892	2401
893	3265
893	3085
893	1753
893	3432
893	3403
894	2154
894	2546
894	3073
894	2811
894	1738
895	934
895	3093
895	1482
895	992
895	3086
896	1055
896	2868
896	2543
896	1591
897	2585
897	2582
897	2774
897	1310
898	2671
898	2125
898	1056
899	2833
899	2697
899	1241
900	1091
900	3196
900	2415
900	935
900	3006
900	2492
901	1711
901	1935
901	3431
902	1203
902	1110
902	1767
902	2485
902	1165
902	1436
903	2133
903	1096
903	2964
903	1367
903	3187
903	1784
904	1675
904	2358
904	2570
904	1166
905	1400
905	1453
905	2938
905	2429
906	2779
906	1000
906	3308
906	3220
906	2842
906	2763
907	1115
907	3401
907	3126
908	1358
908	2045
908	1242
908	2885
909	1051
909	2163
909	2077
909	3150
909	3156
910	1749
910	2191
910	1769
910	2084
911	2288
911	2397
912	2548
912	1552
912	2020
912	1054
912	946
913	1461
913	2991
913	2519
913	3450
914	3051
914	2152
914	3081
914	1277
914	2689
915	1869
915	2557
915	2055
915	1686
915	3040
916	1373
916	3320
916	1123
916	1138
916	2631
917	2506
917	1250
917	1320
917	1050
918	3020
918	1319
918	1606
919	2027
919	1321
919	1139
919	2412
919	2902
919	938
920	1810
920	3415
920	3092
920	2237
921	1344
921	954
921	1292
921	1853
921	1257
922	2677
922	2648
922	2316
922	2575
922	2710
923	1605
923	1362
923	1087
923	3201
924	2012
924	2542
924	2000
924	1795
925	3105
925	1039
925	1391
926	1167
926	2608
926	2749
926	2399
926	3453
927	2774
927	2387
928	1710
928	2650
928	2011
929	2620
929	3172
929	2093
929	2941
929	2851
929	2302
930	3504
930	1630
930	3014
930	2439
930	1113
931	1158
931	2148
931	3016
931	2658
931	3033
932	2888
932	2160
932	1604
932	3439
932	1803
933	2210
933	1672
933	1705
933	2732
933	2269
933	2716
934	3093
934	3270
934	3086
935	2415
935	982
935	3006
935	2907
936	1819
936	1172
937	2969
937	1518
937	1386
937	2562
937	1540
938	1048
938	2153
938	3230
938	1139
938	2902
939	1549
939	1951
939	3018
939	2665
939	1948
940	2596
940	2347
940	2164
940	3113
940	2767
941	1771
941	2207
941	2669
941	2173
941	1197
941	1904
942	3533
942	1086
942	1725
942	3057
943	1133
943	2714
943	1588
944	1200
944	2037
944	3024
944	1442
945	1090
945	3195
945	3148
945	1261
946	2548
946	956
946	1127
947	1277
947	2830
947	1089
948	2240
949	2480
949	2211
949	1008
949	1398
949	1454
950	1401
950	2946
950	2171
950	2320
950	1954
951	1169
951	3283
951	999
951	2406
952	968
952	2676
952	3043
952	3132
953	1884
953	3496
953	972
953	2557
954	1344
954	1066
955	2259
955	1397
955	1153
955	2364
955	3530
955	1195
956	2159
956	2548
956	2626
956	1136
957	3066
957	1744
957	1131
958	3445
958	1211
958	1103
958	1922
959	3202
959	3315
959	1330
959	1181
960	2530
960	1784
960	3355
960	3271
960	1664
961	1716
961	2775
961	1146
961	3332
961	1101
961	1034
962	3346
962	2147
962	1466
963	1017
963	3312
963	3361
963	2957
964	3117
964	1079
964	2437
965	1300
965	1307
965	2654
965	2397
965	3182
966	1164
966	3165
966	2915
966	1726
966	3348
967	3108
967	2167
967	1425
968	1615
968	3174
968	3132
968	2149
969	2720
969	2232
969	1444
969	1427
969	3448
970	1688
970	1260
970	1491
970	2452
970	1560
970	2668
971	3008
971	2233
971	2567
971	2742
971	3102
972	1884
972	3344
972	3136
973	2413
973	3396
973	1612
973	2378
973	1757
974	1094
974	1719
974	1067
974	1989
974	3550
974	2996
975	1550
975	2609
975	2541
975	1159
975	1960
976	1845
976	2644
976	1135
977	1570
977	1238
977	3026
977	1102
978	2687
978	1520
978	2711
978	3298
979	3123
979	2923
979	1064
979	1276
979	2758
980	2712
980	3004
980	3447
980	3048
981	3374
981	3444
982	3006
982	2907
982	1024
983	3296
983	1100
983	2840
983	3434
984	1536
984	2219
984	1040
984	1905
984	2313
985	1559
985	3163
985	2201
986	3323
986	3164
986	2468
986	1440
986	3130
987	1442
987	2081
987	1056
987	1185
987	2808
988	2336
988	2257
988	3137
988	1550
988	2899
989	1715
989	3456
989	2724
989	1988
990	2098
990	2438
990	2795
991	3051
991	3461
991	2152
991	2863
992	2929
992	3093
992	2402
992	1331
993	1843
993	3191
993	1112
993	2345
993	2359
994	1494
994	1866
994	2198
994	1668
994	2783
995	1338
995	2891
995	1104
995	2690
995	2771
996	1811
996	1210
996	2521
996	3261
996	2773
996	3558
997	2951
997	1595
997	2654
997	2288
998	3260
998	3059
998	2058
998	2892
998	2345
999	3283
999	2406
999	2460
1000	2455
1000	1443
1000	3308
1000	3220
1000	1885
1001	3438
1001	1438
1001	1959
1002	1066
1002	2001
1002	2900
1002	3183
1002	1724
1003	1666
1003	3238
1003	1633
1003	3307
1003	2511
1003	2945
1004	2841
1004	2069
1004	2335
1004	2454
1004	1737
1004	2311
1005	2195
1005	3257
1005	2068
1005	3042
1005	1426
1005	3303
1006	1961
1006	3469
1007	2748
1007	3387
1007	1617
1007	3354
1008	2211
1008	1454
1008	3450
1009	2965
1009	2953
1009	1728
1009	3487
1010	3520
1010	2904
1010	3145
1010	1230
1010	2607
1011	3429
1011	1054
1011	2151
1011	3517
1012	1804
1012	3525
1012	2851
1012	2302
1013	1145
1013	1918
1013	2631
1013	2979
1013	2082
1014	1800
1014	1068
1014	2022
1014	1926
1014	1938
1015	1862
1015	2186
1015	2800
1015	3286
1016	1872
1016	1538
1016	2986
1016	1061
1017	2679
1017	3017
1017	1232
1017	2957
1018	1820
1018	1119
1018	2519
1018	3450
1019	1359
1019	1309
1019	2896
1019	3254
1019	1554
1020	2092
1020	3012
1021	1963
1021	1037
1021	1149
1021	1327
1021	1844
1021	2447
1022	2495
1022	2135
1022	2028
1022	1743
1023	1644
1023	2352
1023	2926
1023	1372
1024	2907
1024	3292
1024	1213
1025	2065
1025	2403
1025	3117
1026	1059
1026	1071
1026	3442
1026	2282
1026	2138
1026	1028
1027	2919
1027	2157
1027	2451
1027	2762
1027	1565
1028	3427
1028	3442
1028	2138
1028	2510
1029	2741
1029	1538
1029	2371
1030	2742
1030	3102
1030	2684
1031	2672
1031	2329
1031	3499
1032	1596
1032	2828
1032	1083
1032	1495
1033	1822
1033	1265
1033	2224
1033	2109
1034	3332
1034	1101
1034	1556
1034	2226
1035	1155
1035	1432
1035	2377
1036	1586
1036	1600
1036	2478
1036	1065
1036	3223
1037	2196
1037	1963
1037	1327
1037	2481
1037	2751
1038	2475
1038	1691
1038	3161
1038	1785
1039	1391
1040	1905
1040	2386
1040	1500
1040	3156
1040	2313
1041	2780
1041	2136
1041	3139
1041	1374
1042	1791
1042	3035
1042	1589
1042	1386
1043	1964
1043	3181
1043	3551
1043	3077
1043	3264
1043	1329
1044	3076
1044	1432
1045	1969
1045	2936
1045	1752
1046	1249
1046	3288
1046	2992
1046	2573
1047	1898
1047	2295
1047	2702
1047	1497
1048	3255
1048	2153
1048	2902
1048	1679
1048	2175
1049	2101
1049	1815
1049	2336
1049	1120
1049	1550
1049	2609
1050	2193
1050	1282
1050	1250
1050	1320
1050	1851
1051	1500
1051	3410
1051	3156
1052	1196
1052	3276
1052	2536
1052	2304
1052	1741
1053	1189
1053	2382
1053	3397
1053	2392
1053	1994
1054	1552
1054	3155
1054	3429
1055	1150
1055	1993
1055	1304
1055	2868
1056	1122
1056	2808
1057	3075
1057	2444
1057	2494
1058	2544
1058	3066
1058	3545
1058	2388
1058	3485
1058	1702
1059	1071
1059	2236
1059	2138
1060	2272
1060	3371
1060	3503
1060	2880
1060	1788
1061	2062
1061	1695
1062	3527
1062	1983
1062	3333
1062	1680
1063	1117
1063	1501
1063	2014
1064	2923
1064	1920
1064	2406
1065	1600
1065	2664
1066	1710
1066	2001
1067	1094
1067	1600
1067	2478
1067	1989
1068	2127
1068	2022
1068	3236
1068	1926
1068	3103
1069	2839
1069	3503
1069	2880
1069	2076
1070	2205
1070	1418
1071	2829
1071	2236
1071	2282
1072	2538
1072	2822
1072	1222
1072	1157
1073	2400
1073	2490
1073	3099
1073	2353
1074	3107
1074	2394
1074	2853
1075	1735
1075	1624
1075	1457
1075	1419
1075	1897
1076	2959
1076	2349
1076	2955
1076	1179
1076	1888
1076	2217
1077	3202
1077	1503
1077	3237
1077	3215
1078	2398
1078	3492
1079	1339
1079	2065
1079	3117
1079	2437
1079	1108
1080	2393
1080	2440
1080	2387
1080	1270
1081	2343
1081	1207
1081	3246
1082	3178
1082	3138
1082	3190
1082	3054
1083	3358
1083	1596
1083	1289
1084	1814
1084	1519
1084	2528
1085	3245
1085	1412
1085	1910
1085	2553
1085	2715
1085	1332
1086	1946
1086	1548
1086	1770
1087	2090
1087	1861
1088	2700
1088	3334
1088	2867
1088	3534
1089	1277
1089	2689
1089	3090
1089	2112
1090	2721
1090	2168
1090	3195
1090	3250
1091	1561
1091	3196
1091	1541
1091	2415
1092	3389
1092	1992
1092	3065
1092	1595
1093	3277
1093	3515
1093	3513
1094	2474
1094	1719
1094	1900
1094	2478
1095	3078
1095	2569
1095	3433
1095	1761
1096	2666
1096	1794
1096	2964
1096	3187
1097	1497
1097	1393
1097	1732
1098	1429
1098	2848
1098	1144
1098	1313
1098	2879
1098	2966
1099	1551
1100	3296
1100	2493
1101	1146
1101	1556
1101	3025
1102	3026
1102	1986
1102	2743
1103	1211
1104	1338
1104	3420
1104	1745
1104	2206
1104	2891
1105	2142
1105	1790
1105	2837
1105	3432
1106	1508
1106	1945
1106	1154
1106	1502
1107	1854
1107	3119
1107	1626
1107	3084
1107	1266
1108	1339
1108	1736
1108	1657
1108	2437
1108	2663
1109	1529
1109	1381
1109	1883
1109	2563
1110	2934
1110	1203
1110	2485
1111	1879
1111	2290
1111	1717
1111	1485
1111	3306
1111	1542
1112	1843
1112	2771
1112	3056
1112	2976
1112	2359
1113	3014
1113	2666
1113	1794
1114	1654
1114	2330
1114	2472
1114	2360
1114	2114
1115	3401
1116	3236
1116	2612
1116	1787
1116	1445
1116	1674
1117	1501
1117	2968
1117	2367
1118	1547
1118	2284
1118	2002
1118	1892
1118	3331
1119	1820
1119	1521
1119	1264
1120	2101
1120	1430
1120	1380
1120	2609
1120	2305
1121	1549
1121	2855
1121	1948
1121	2489
1121	2128
1121	2032
1122	1435
1122	2808
1122	2142
1122	3403
1123	3320
1123	3153
1123	1906
1123	1138
1124	1430
1124	1813
1124	1376
1124	1380
1124	1712
1125	3385
1125	1903
1125	1475
1126	1924
1126	3053
1126	1667
1126	2453
1126	2606
1126	2939
1127	3519
1128	3388
1128	3244
1128	1224
1128	2105
1129	3107
1129	2675
1129	3471
1130	1993
1130	3351
1130	2486
1130	1295
1131	3343
1131	1744
1131	1695
1132	1928
1132	3002
1132	1635
1132	1311
1132	1671
1133	2885
1134	2243
1134	1223
1134	2551
1134	1840
1134	1262
1134	2882
1135	1413
1135	1845
1135	3055
1136	3101
1136	2159
1136	2373
1137	3526
1137	1214
1137	2139
1137	1410
1137	3339
1138	2670
1138	1373
1138	1906
1139	2466
1139	3230
1139	2412
1140	1546
1140	2425
1140	1927
1140	3232
1141	2817
1141	1223
1141	1840
1141	2264
1142	1949
1142	2638
1142	3311
1143	3400
1143	1929
1144	2475
1144	1429
1144	2848
1144	3159
1144	2417
1145	1918
1146	2775
1146	3025
1146	2508
1147	2787
1147	2688
1147	2314
1147	3149
1147	2697
1147	3364
1148	3203
1148	2348
1148	1860
1149	1339
1149	1844
1149	2447
1149	2065
1149	2403
1150	3404
1150	3347
1150	1304
1151	1866
1151	1668
1151	2410
1151	2509
1152	3468
1152	3554
1152	3014
1152	1794
1152	2964
1153	1605
1153	1397
1153	2364
1154	1508
1154	1208
1154	1502
1154	2462
1154	1634
1155	1800
1155	2426
1155	1432
1156	3330
1156	2810
1156	2973
1157	3483
1157	2859
1157	1394
1158	1861
1158	2441
1158	2148
1158	3016
1159	3071
1159	2541
1159	1960
1159	3547
1160	2081
1160	1435
1160	3229
1160	3458
1160	2808
1160	3559
1161	3435
1161	2504
1161	3565
1162	3326
1162	2761
1162	1216
1162	1685
1162	1783
1163	1301
1163	2592
1163	1202
1164	1767
1164	3165
1164	2284
1164	3331
1165	1767
1165	1593
1165	1436
1165	1547
1165	2284
1166	3409
1166	1675
1166	2570
1166	2981
1167	3301
1167	3453
1167	2194
1168	2696
1168	2531
1168	1490
1168	2008
1168	2322
1169	1354
1169	1709
1169	3283
1170	2393
1170	3425
1170	1310
1171	2678
1171	2041
1171	2244
1172	2909
1172	1577
1173	2726
1173	1524
1173	1249
1173	2799
1173	3167
1173	3235
1174	1666
1174	2200
1174	1648
1174	2511
1174	2510
1175	2754
1176	1838
1176	2929
1176	3093
1176	2594
1176	3084
1177	1275
1177	3061
1177	1704
1177	1693
1178	1483
1178	2540
1178	2621
1178	1642
1178	1826
1178	2192
1179	2955
1179	3366
1179	1888
1179	2469
1180	2047
1180	3205
1180	3426
1181	3315
1181	1330
1181	3192
1181	3417
1181	1424
1182	3131
1182	2110
1183	1653
1183	3068
1183	3462
1183	1754
1184	2505
1184	1983
1184	1335
1184	2350
1184	1574
1185	3073
1185	1442
1185	2081
1185	2067
1186	3445
1186	2157
1186	3477
1186	1698
1186	1782
1186	1836
1187	1857
1187	1365
1187	2804
1188	3321
1188	2337
1188	3251
1189	1410
1189	3518
1189	3397
1189	3339
1189	1994
1190	2030
1190	2069
1190	3391
1190	1737
1191	1618
1191	2616
1191	3529
1191	1415
1192	3004
1192	3048
1192	2556
1192	1566
1192	3381
1193	1790
1193	2837
1193	1870
1193	3356
1194	3382
1194	3208
1194	1850
1194	2362
1195	2364
1195	3530
1195	1902
1195	2580
1196	2925
1196	3276
1197	3349
1197	2173
1197	1962
1197	1904
1198	1308
1198	3287
1198	1723
1198	2129
1199	2366
1199	3279
1199	2663
1199	1603
1199	3408
1200	1926
1200	3103
1200	2381
1200	2037
1201	3031
1201	3530
1201	1902
1202	2592
1202	1499
1202	1928
1202	1599
1203	1767
1203	3165
1204	2493
1204	2035
1205	2551
1205	2044
1205	3180
1206	2517
1206	2736
1206	1783
1206	3384
1206	1489
1206	1852
1207	1570
1207	2229
1207	1238
1208	1912
1208	1508
1208	2367
1208	2534
1208	2462
1209	3357
1209	3009
1209	1915
1210	1694
1210	2862
1210	3261
1210	1423
1210	2773
1211	2921
1211	1922
1211	1758
1212	1608
1212	1650
1212	2878
1212	3190
1213	2907
1213	3462
1213	2428
1214	3526
1214	2919
1214	2791
1214	2139
1215	2795
1215	3177
1215	2088
1216	2761
1216	2961
1216	1783
1216	1852
1217	2402
1218	3507
1218	2641
1218	1256
1218	1575
1219	2903
1219	3423
1219	3267
1219	2526
1219	3520
1220	2012
1220	1468
1220	3083
1220	2213
1221	3144
1222	2538
1222	1777
1223	2243
1223	2355
1223	1840
1224	3402
1224	2105
1225	2334
1225	1775
1226	3147
1226	2545
1226	1999
1227	2060
1227	2857
1227	2579
1227	1704
1227	2777
1228	3045
1228	2807
1228	3216
1228	2753
1228	1243
1228	2835
1229	3322
1229	1817
1229	1416
1229	2985
1230	3520
1230	2607
1230	1492
1231	2411
1231	2151
1231	2119
1231	3420
1231	1745
1232	2679
1232	1578
1232	2517
1232	2957
1233	2989
1233	2843
1233	3326
1233	2838
1233	2782
1233	1685
1234	1309
1234	1474
1234	2488
1234	1554
1234	1763
1234	3428
1235	3502
1235	2017
1235	3278
1235	3200
1235	1451
1236	2717
1236	2922
1236	2604
1237	2746
1237	2372
1237	2464
1237	3262
1238	1570
1238	2229
1238	3026
1238	2576
1239	3500
1239	1260
1239	2376
1240	1389
1240	2458
1240	2646
1240	2083
1240	1780
1241	3149
1241	2697
1242	2029
1242	2193
1243	2807
1243	1901
1243	2835
1244	2047
1244	3482
1244	1355
1244	3426
1245	2600
1245	2087
1245	2589
1245	1979
1246	3561
1246	2231
1246	3030
1246	2306
1246	1253
1247	1963
1247	1572
1247	2447
1247	1736
1247	3512
1247	1458
1248	1306
1248	3185
1248	2318
1248	1274
1248	2739
1249	1524
1249	2992
1249	2573
1249	3167
1250	1314
1250	2506
1250	1851
1250	2079
1251	1677
1251	2332
1251	2764
1252	1552
1252	2734
1252	2483
1252	2556
1252	3155
1253	2231
1253	2306
1253	3028
1253	3481
1253	3369
1254	2759
1254	2889
1254	2085
1254	1765
1254	2051
1255	3163
1255	2201
1255	2644
1255	2401
1256	2898
1256	1575
1256	1302
1256	2876
1257	2196
1257	1292
1257	1568
1257	1853
1258	1366
1258	2420
1258	1510
1258	1658
1258	1787
1259	3238
1259	3452
1259	3021
1259	2339
1259	3475
1260	3500
1260	1688
1260	2452
1260	2376
1261	3195
1261	2054
1261	3018
1261	2204
1262	2551
1262	1318
1262	2882
1262	2044
1263	2389
1263	1991
1263	3422
1264	1820
1264	1855
1264	2543
1264	1521
1264	1591
1265	1718
1265	2224
1265	2145
1266	1626
1266	3084
1266	2939
1267	3078
1267	1692
1267	1475
1267	2497
1268	2855
1268	1484
1268	3104
1268	2128
1268	1756
1268	1296
1269	3101
1269	3488
1269	3472
1269	2427
1269	1957
1269	2373
1270	1923
1270	2440
1270	1350
1271	1619
1271	3010
1271	1908
1271	3168
1271	2422
1271	1493
1272	1444
1272	2469
1272	1427
1272	1551
1273	1959
1273	1429
1273	3161
1273	1313
1274	2739
1274	2194
1274	1697
1275	1356
1275	3061
1275	1693
1276	1776
1276	3123
1276	2923
1276	1505
1276	3548
1277	3081
1277	2830
1277	2689
1278	2734
1278	3155
1278	3429
1278	3260
1278	3059
1278	1713
1279	1639
1280	1631
1280	1865
1280	1487
1280	2933
1280	2936
1281	3192
1281	3417
1281	3351
1281	3079
1282	2193
1282	1851
1282	2100
1283	1346
1283	1515
1283	1962
1283	1904
1283	3231
1284	3540
1284	2256
1284	3352
1284	1319
1284	1966
1284	1368
1285	2935
1285	2995
1285	1921
1285	1798
1285	2227
1286	3080
1286	3173
1286	3383
1286	1682
1286	2623
1287	3168
1287	2377
1287	2154
1287	2422
1287	2811
1287	3467
1289	3358
1289	1956
1289	1878
1289	2974
1290	2457
1290	2825
1290	3057
1290	2015
1290	1354
1291	2967
1291	2261
1291	2586
1291	2952
1291	1345
1292	1344
1292	1409
1292	1568
1293	2889
1293	3383
1293	3556
1294	2994
1294	1660
1294	1340
1294	3269
1295	3271
1295	1330
1295	3417
1295	3351
1296	2128
1296	1756
1296	1383
1297	3557
1297	3226
1297	2314
1297	3149
1298	2786
1298	1839
1298	2540
1298	2192
1298	1762
1299	1647
1299	2963
1299	2636
1299	2821
1299	2760
1300	1307
1300	3523
1300	2953
1300	3182
1301	2327
1302	2898
1302	1575
1303	2952
1303	1345
1303	2709
1303	1593
1303	2031
1303	1436
1304	3269
1304	1993
1305	1452
1305	2624
1305	1609
1305	2134
1305	2064
1306	2413
1306	3405
1306	1701
1306	2318
1306	2739
1307	3523
1307	3215
1307	1827
1308	1723
1308	2129
1309	2896
1309	2488
1309	1554
1310	2582
1311	1635
1311	1862
1311	3498
1311	2053
1312	2137
1312	3379
1312	1670
1312	2395
1312	1797
1313	2617
1313	1429
1313	2879
1314	1913
1314	1851
1314	3421
1314	2079
1315	3247
1315	2915
1315	1390
1315	2998
1315	3348
1316	2813
1316	1792
1316	2875
1316	3035
1316	1589
1317	2333
1317	1889
1317	1353
1317	2028
1317	2075
1318	1496
1318	1618
1318	2882
1319	3352
1319	1606
1319	1966
1320	2029
1320	2193
1321	2027
1321	1739
1321	2103
1321	2412
1322	1471
1323	2445
1323	2187
1323	1808
1324	2386
1324	2633
1324	3150
1325	1467
1325	2658
1325	3033
1325	2051
1326	2982
1326	3373
1326	3457
1326	2772
1327	1844
1327	3460
1327	2751
1328	2587
1328	2111
1328	2834
1328	3134
1328	3274
1329	3181
1329	1650
1329	2878
1329	3551
1329	2683
1330	3271
1330	3417
1331	2929
1331	1460
1331	2402
1331	2884
1332	2553
1332	2715
1332	2633
1332	3338
1333	2655
1333	2328
1333	1447
1333	1406
1334	2672
1334	3358
1334	1620
1335	2747
1335	2505
1335	1983
1336	2726
1336	2799
1336	3505
1336	2560
1336	2531
1337	2993
1337	1961
1337	2146
1338	3543
1338	2324
1338	2206
1338	2690
1339	2447
1339	2065
1339	1736
1340	1505
1340	2994
1340	1660
1341	1925
1341	2003
1342	1471
1343	2200
1343	1428
1343	2138
1343	2298
1344	2778
1345	2586
1345	2952
1345	2485
1345	1436
1346	1347
1346	2669
1346	1904
1347	3509
1347	2650
1347	2669
1348	1969
1348	2160
1348	1604
1348	1522
1349	1868
1349	1603
1349	3002
1350	1923
1351	3305
1351	1425
1351	2241
1351	1699
1352	3089
1352	3225
1352	3106
1353	2075
1353	2002
1353	3328
1354	2825
1354	1709
1354	3144
1355	3482
1355	1925
1355	3032
1355	3258
1356	3258
1357	2057
1357	2836
1357	2508
1357	3499
1358	2597
1358	2059
1358	2045
1358	2099
1358	2885
1359	2839
1359	1554
1360	1835
1360	1368
1360	2914
1360	3023
1360	1893
1361	2297
1361	1407
1361	3350
1362	2225
1362	3201
1362	3064
1362	3055
1363	1375
1363	3430
1363	3441
1364	2919
1364	2139
1364	3266
1364	2762
1364	3363
1365	1942
1365	2798
1365	2804
1366	2420
1366	2490
1366	2353
1366	2127
1367	2133
1367	1784
1367	2344
1367	3355
1368	3540
1368	2256
1368	1835
1368	2914
1369	2378
1369	2456
1369	1757
1369	2105
1370	2888
1370	1604
1370	3321
1370	1537
1370	2920
1371	2388
1371	2696
1371	2008
1371	3011
1373	2670
1373	1556
1374	3139
1374	1812
1374	3380
1374	2450
1375	3495
1375	2409
1375	3322
1376	1813
1376	2677
1377	1409
1378	1407
1378	1504
1378	1399
1378	3012
1378	1652
1379	2940
1380	1430
1380	1712
1380	2305
1381	1529
1381	1917
1381	2436
1381	2625
1381	1883
1382	3029
1382	3343
1383	1756
1383	3418
1383	2368
1383	3378
1384	2013
1384	1976
1384	2500
1385	3557
1385	3226
1385	2610
1385	2545
1385	3199
1386	2969
1386	1791
1387	3395
1387	2408
1387	3259
1387	2391
1388	2292
1388	3291
1389	3474
1389	1722
1389	3456
1389	2458
1389	2646
1390	1871
1390	2998
1391	3105
1391	2645
1392	3405
1392	2532
1392	2786
1392	1939
1392	3037
1393	1599
1393	1732
1394	3097
1394	3483
1394	2107
1394	1431
1395	1470
1395	3284
1395	1748
1395	1849
1396	2501
1396	3295
1396	2845
1397	2259
1397	2978
1398	1469
1398	1454
1399	1504
1399	1741
1399	1652
1399	2930
1399	2924
1400	2153
1400	1453
1400	2175
1400	2109
1401	1886
1401	2417
1401	2171
1401	2320
1402	2243
1402	2355
1402	2317
1402	3413
1402	3036
1403	2291
1403	2351
1404	1628
1405	3332
1405	3487
1406	2701
1406	2833
1406	1774
1407	3350
1407	1652
1408	1488
1408	2432
1408	1696
1408	2249
1409	1568
1409	2550
1410	3518
1410	3339
1411	1701
1411	2407
1411	2532
1411	3396
1411	1947
1412	2177
1412	3245
1412	2715
1413	2225
1413	1559
1413	3163
1413	3055
1414	1561
1414	1582
1414	1541
1414	1981
1415	1618
1415	3529
1416	3495
1416	3322
1416	1817
1416	2542
1417	3556
1417	3075
1417	2464
1418	2520
1418	3342
1419	1457
1419	3263
1419	2473
1419	2033
1419	1897
1420	2824
1420	3043
1420	2215
1421	1936
1421	3391
1421	3221
1421	1984
1421	2449
1422	1914
1422	3039
1422	1644
1422	2641
1422	3062
1423	1694
1423	2976
1423	2757
1423	3261
1424	3315
1424	3192
1424	2965
1424	1678
1425	3108
1425	3070
1425	1699
1426	2068
1426	3303
1426	3546
1426	3189
1427	1733
1427	1444
1427	3448
1427	1551
1428	2676
1428	2824
1428	2298
1429	2475
1429	3161
1430	2101
1430	3179
1430	1813
1431	2107
1431	2025
1431	2816
1432	3076
1433	1982
1433	1715
1433	2248
1433	1988
1434	2036
1434	3255
1434	2027
1434	3298
1434	2902
1435	3458
1435	2808
1435	2142
1436	2485
1436	1593
1437	3484
1437	2523
1437	2797
1437	3282
1438	3438
1438	2870
1438	2603
1438	2617
1439	1577
1439	3562
1439	2267
1439	2877
1440	2468
1440	3410
1440	2529
1440	3130
1441	3529
1441	2560
1441	2006
1441	3370
1442	3024
1442	3073
1443	2455
1443	1885
1443	2496
1444	2720
1444	3366
1444	2469
1445	1787
1445	1674
1445	2600
1446	1796
1446	3153
1446	2251
1446	1481
1446	2369
1447	2727
1447	2655
1447	3440
1447	2733
1448	2905
1448	2319
1448	2174
1448	3128
1448	2129
1449	3047
1449	2585
1450	2503
1450	2308
1450	3166
1450	3419
1450	3206
1451	2017
1451	1683
1451	2442
1452	1663
1452	2713
1452	2624
1452	2134
1453	2153
1453	3230
1453	2769
1453	2429
1454	2990
1455	2459
1455	1807
1455	2785
1455	2281
1455	2934
1456	1476
1456	2346
1456	2477
1456	2977
1456	2814
1457	1624
1457	3263
1457	2784
1457	2326
1458	1736
1458	3512
1458	1657
1458	3454
1458	2873
1459	2214
1459	2622
1459	1594
1459	3372
1459	3436
1460	2929
1460	2594
1460	2580
1460	3252
1461	3040
1461	2990
1461	2991
1461	3294
1462	2286
1462	3337
1462	3109
1462	3365
1462	2199
1463	1573
1463	1804
1463	2852
1463	1739
1464	2380
1464	1905
1464	1500
1464	3410
1464	2793
1464	3130
1465	1876
1465	2491
1466	2147
1466	2471
1466	2347
1467	3297
1467	1765
1467	2051
1468	2767
1468	2213
1468	3131
1468	3268
1469	1781
1469	2246
1470	1748
1470	2424
1471	2338
1472	2751
1472	2338
1473	3492
1473	2887
1473	2004
1474	2707
1474	1763
1474	2448
1474	3428
1475	1903
1475	2497
1476	1965
1476	2477
1476	2977
1477	3549
1477	3393
1477	2871
1477	2169
1478	2941
1478	1506
1478	3525
1478	2851
1479	2354
1479	1520
1479	2272
1479	2253
1479	2880
1480	2719
1480	2070
1480	2263
1480	3214
1480	1895
1480	2667
1481	1796
1481	2766
1481	2608
1481	2369
1482	3086
1482	1834
1483	1826
1483	2091
1483	2192
1484	2057
1484	3104
1484	1756
1485	1717
1485	1542
1485	3511
1485	3175
1485	3267
1486	2068
1486	2561
1486	3546
1486	2226
1487	2630
1487	1631
1487	3164
1487	2933
1488	2262
1488	1696
1488	2927
1488	2249
1489	1779
1489	2736
1489	1852
1490	3505
1490	2531
1490	2322
1490	3146
1491	2066
1491	2452
1491	2527
1491	2668
1491	3209
1492	2260
1492	3160
1492	2149
1493	2921
1493	1619
1493	2422
1494	2740
1494	3069
1494	1707
1494	1866
1494	2198
1495	2368
1495	1637
1495	1620
1495	2828
1496	1571
1496	1618
1496	2882
1496	2616
1497	2702
1498	3443
1498	1879
1498	2290
1499	3224
1499	2592
1499	1928
1499	3408
1499	1671
1500	1905
1500	3410
1500	3156
1501	1806
1501	2968
1502	3248
1502	1634
1503	1759
1503	3215
1503	1827
1504	2304
1504	3012
1504	1789
1504	1741
1505	1776
1505	2923
1505	1660
1506	2705
1506	2803
1506	2363
1507	2461
1507	2137
1507	3379
1508	1912
1509	2130
1509	2324
1509	2515
1509	1665
1509	3532
1510	2420
1510	3304
1510	1658
1511	2791
1511	2346
1511	3477
1511	1698
1511	2805
1511	2814
1512	1942
1513	2296
1513	2514
1513	1874
1513	2266
1514	2890
1514	2462
1514	2098
1514	1634
1515	1996
1515	3231
1516	3091
1516	2199
1516	2694
1516	2136
1516	3118
1517	1848
1517	3221
1517	1805
1517	1914
1517	3544
1517	3507
1518	2969
1518	2086
1518	1540
1519	1814
1519	3468
1520	2354
1520	2687
1520	2711
1521	3536
1521	2325
1521	2543
1522	1969
1522	2933
1522	2172
1523	2619
1523	1955
1523	2484
1523	2987
1523	2176
1523	2568
1524	2726
1524	2992
1525	1981
1525	3222
1525	1703
1526	2072
1526	1996
1526	3231
1526	1641
1527	2737
1527	2218
1527	1689
1528	3484
1528	2398
1528	2887
1528	1661
1528	3282
1529	1917
1529	3087
1529	2854
1530	3537
1530	2357
1530	3072
1530	2776
1531	2555
1531	3247
1531	3213
1532	2095
1532	3207
1532	1555
1532	2285
1532	1819
1533	2110
1533	3154
1533	1742
1533	1854
1534	2681
1534	3478
1534	2140
1534	2273
1535	2005
1535	1825
1536	2470
1536	1910
1536	2553
1536	2313
1537	3321
1537	1809
1537	2920
1537	3135
1538	1872
1538	2741
1538	2986
1538	2371
1539	1818
1539	1909
1539	2298
1540	2562
1541	1561
1541	3196
1541	1981
1542	3306
1542	2635
1542	3210
1542	3175
1543	3087
1543	2815
1543	2283
1543	2404
1543	2854
1544	3211
1544	3466
1544	1965
1545	1772
1545	2046
1545	2339
1545	3158
1546	2425
1546	2375
1546	3115
1547	2708
1547	1593
1547	2284
1547	2002
1548	1946
1548	2807
1548	1901
1548	1747
1548	1770
1549	2665
1549	1948
1549	2032
1550	2336
1550	2609
1551	1733
1552	3155
1552	2020
1553	1557
1553	3508
1553	2709
1553	1972
1553	2031
1554	1763
1555	3198
1555	1952
1555	1819
1556	2670
1556	2226
1557	2573
1557	3167
1557	3508
1557	1864
1558	2740
1558	2897
1558	1576
1558	2108
1558	2286
1558	3337
1559	1567
1559	2225
1559	3163
1560	1688
1560	3101
1560	3488
1560	2668
1561	1971
1562	2050
1562	2728
1563	3395
1563	3501
1563	1867
1563	1807
1563	2785
1563	2391
1564	2046
1564	3158
1564	3465
1565	2451
1565	2762
1565	3377
1566	2556
1566	3562
1566	3381
1567	1861
1567	2225
1567	3016
1568	2550
1569	2040
1569	2897
1569	2431
1569	2286
1569	2749
1571	1840
1571	2264
1571	3046
1571	2882
1572	1963
1572	2900
1572	2481
1572	3183
1572	3512
1573	2850
1573	3547
1573	2949
1573	2852
1574	2505
1574	2350
1574	2806
1574	3275
1574	1855
1575	3544
1575	3507
1576	2897
1576	2108
1576	2117
1576	2082
1577	2909
1577	2792
1578	2838
1578	2679
1578	1685
1579	3389
1579	2465
1580	2827
1580	1717
1580	3511
1581	2643
1581	1730
1581	2588
1581	2714
1581	2131
1582	2176
1582	2568
1582	1981
1582	3222
1583	2865
1583	2788
1583	1828
1584	3112
1584	3324
1584	1601
1584	2590
1585	1637
1585	2801
1585	2735
1585	2828
1585	3234
1586	2599
1586	2497
1586	3223
1587	2078
1587	2019
1587	2591
1587	3245
1587	2470
1587	1910
1588	1777
1589	1791
1589	3035
1590	3241
1590	1934
1590	1793
1590	2280
1590	3486
1591	3275
1591	1855
1591	2543
1592	2466
1592	2769
1592	2640
1593	2708
1593	2031
1594	1764
1594	3436
1595	2951
1595	1992
1595	3065
1596	2419
1597	2717
1597	2922
1597	2818
1598	1952
1598	2639
1598	2396
1598	1662
1599	1928
1600	2478
1600	2664
1601	3005
1601	3120
1601	3324
1601	2590
1602	2788
1602	1828
1602	2114
1603	3002
1603	3408
1603	1671
1604	2888
1604	2160
1605	2364
1605	3252
1605	3201
1606	2872
1606	3352
1606	3212
1607	3045
1607	3038
1607	3309
1607	3314
1607	3341
1607	3216
1608	2554
1608	2878
1608	2003
1609	2064
1609	3372
1610	1615
1610	3210
1610	3175
1610	3423
1610	3476
1610	2260
1611	2385
1611	2611
1611	3134
1611	3329
1612	2413
1612	3124
1612	2318
1613	2220
1613	2396
1613	1917
1613	2436
1613	2132
1614	1934
1614	2525
1614	2297
1615	3174
1615	3476
1615	2260
1615	2149
1616	2656
1616	2425
1616	1824
1616	3232
1617	2748
1617	2512
1617	2296
1617	3354
1617	2434
1618	2616
1619	2921
1619	3010
1620	3418
1620	2368
1621	1770
1621	2528
1622	2062
1622	3528
1622	3555
1623	3013
1623	2183
1623	3058
1623	2299
1624	1735
1624	2784
1625	3393
1625	3074
1625	2405
1626	1924
1626	3119
1626	2802
1626	2939
1627	1984
1627	2449
1627	3528
1629	2322
1629	3494
1629	2601
1629	3146
1629	3491
1630	3524
1630	3554
1630	3014
1630	2439
1630	2867
1631	2630
1631	1865
1632	2869
1632	3270
1632	3086
1632	2052
1632	1834
1632	2034
1633	3238
1633	2945
1633	3021
1633	1649
1634	2890
1634	3248
1634	2462
1635	1868
1635	3002
1635	1862
1635	2186
1636	2770
1636	2463
1636	2620
1636	2320
1636	1954
1636	3172
1637	2368
1637	3378
1637	2828
1638	1759
1638	1827
1638	1992
1639	2188
1639	2500
1640	2498
1640	3317
1640	2487
1640	2942
1640	2293
1641	1962
1641	3231
1641	2820
1642	2407
1642	2540
1642	2621
1642	3096
1642	3464
1643	2125
1643	2831
1643	1979
1643	3265
1644	2641
1644	2352
1644	3062
1645	2832
1645	1771
1646	3299
1646	2725
1646	2925
1646	3521
1646	2221
1646	1846
1647	2078
1647	2516
1647	2636
1647	2591
1647	2760
1648	1666
1648	2801
1648	2510
1648	2735
1648	3452
1649	2501
1649	3295
1649	3021
1650	3181
1650	3180
1650	2878
1650	3190
1651	2268
1651	3278
1651	2754
1651	3200
1652	2930
1652	2494
1653	2574
1653	3068
1653	3462
1654	2278
1654	2330
1654	3114
1655	2685
1655	2823
1655	2911
1656	2300
1656	3039
1656	3242
1656	2446
1657	1736
1657	3279
1657	2663
1657	2873
1658	1787
1659	2093
1659	2302
1659	2181
1659	2303
1660	1776
1660	3269
1661	3484
1661	2398
1661	2999
1662	2396
1662	2723
1662	2909
1663	1700
1663	1887
1663	2713
1663	2624
1664	3202
1664	3187
1664	1784
1664	3237
1665	2706
1665	2096
1665	1829
1665	3532
1666	3238
1666	2511
1666	3452
1667	1968
1667	2812
1667	1924
1667	2453
1667	2960
1668	1866
1668	2783
1668	2410
1668	1730
1669	1689
1669	3335
1669	1968
1669	2802
1670	2467
1670	3379
1670	1766
1670	1797
1670	3463
1671	1928
1671	3002
1671	3408
1672	2615
1672	2210
1672	2716
1672	3300
1672	3357
1673	3292
1673	2180
1673	3249
1674	1727
1674	2612
1674	2600
1674	2087
1675	3409
1675	2358
1676	2746
1676	2674
1676	3095
1676	2201
1677	2745
1677	2223
1677	2351
1677	2332
1678	3192
1678	2965
1678	1728
1678	3079
1678	3473
1679	3255
1679	2682
1679	2175
1679	2073
1679	3394
1680	3527
1680	1873
1680	3122
1681	1898
1681	1996
1681	2522
1681	2702
1682	3383
1682	2623
1682	3556
1682	3075
1682	2444
1683	2442
1683	2680
1683	2247
1683	2263
1684	2499
1684	3169
1684	2789
1685	3326
1685	2838
1686	3040
1686	3294
1686	2535
1687	1825
1687	3444
1687	1951
1687	2665
1688	3500
1688	3488
1689	2218
1689	1968
1689	2812
1690	3285
1690	2565
1690	2768
1691	2475
1691	2756
1691	3159
1691	1785
1692	3078
1692	3433
1692	3390
1692	2599
1692	2497
1694	2096
1694	2581
1694	2862
1694	2757
1695	2062
1696	3536
1696	2262
1696	2432
1697	2739
1697	1812
1698	2157
1698	2791
1698	3477
1699	2657
1699	3070
1699	3225
1700	1887
1700	1863
1701	2413
1701	3405
1701	2532
1701	3396
1702	2544
1702	1890
1702	2006
1702	3485
1702	3370
1703	2621
1703	1826
1703	2954
1704	2857
1704	3061
1705	3112
1705	2269
1705	2716
1706	1839
1706	2270
1706	2765
1706	1762
1706	2310
1707	2740
1707	1878
1707	3069
1707	2974
1707	2108
1708	1975
1708	2912
1708	2423
1708	3342
1709	3176
1709	3144
1710	2011
1710	2001
1711	3272
1711	2390
1711	3376
1711	3431
1712	1856
1712	2794
1713	2734
1713	3260
1713	2727
1713	2858
1713	1932
1714	1944
1714	2516
1714	2591
1714	2563
1714	2470
1715	2248
1715	2724
1715	2443
1715	1988
1716	2168
1716	2775
1716	3332
1717	2290
1717	3511
1718	1995
1718	2145
1719	3493
1719	2474
1719	3550
1720	2274
1720	3151
1720	1943
1720	2581
1720	2862
1721	2414
1721	3549
1721	2781
1721	3293
1722	2197
1722	3474
1722	2637
1722	3456
1722	2724
1723	2178
1724	2001
1724	3183
1725	2691
1725	3057
1725	2015
1726	1847
1726	3348
1726	2277
1727	2612
1727	2381
1727	2671
1727	2087
1728	2965
1728	3473
1729	2790
1729	3141
1729	2943
1730	2783
1730	2643
1730	2410
1731	3263
1731	2525
1731	2326
1731	2250
1732	1746
1733	3448
1734	3551
1734	3264
1735	1880
1735	2562
1736	2447
1737	2069
1737	2311
1737	1848
1738	2811
1738	3359
1738	2287
1739	2036
1739	2027
1739	2852
1740	1932
1740	2655
1740	2892
1740	2328
1740	2370
1740	2126
1741	2536
1741	2304
1741	2924
1742	1854
1742	3541
1743	3179
1743	1813
1744	2544
1744	3066
1744	3343
1744	3564
1745	3420
1745	2891
1746	2239
1746	3125
1747	1901
1747	1770
1747	1814
1747	3399
1747	2528
1748	3038
1748	1849
1749	3380
1749	2191
1749	2450
1749	2513
1749	1769
1750	3054
1750	3157
1750	2752
1751	2524
1751	3371
1751	2706
1751	2341
1752	1969
1752	2160
1752	3439
1752	3364
1753	1790
1753	3085
1753	3432
1754	2973
1754	2214
1754	2622
1755	2332
1755	3162
1755	2764
1755	3015
1755	1810
1756	3418
1757	3396
1757	2378
1757	1947
1758	2921
1758	1922
1758	2649
1758	1982
1759	1827
1760	3292
1760	2180
1760	3193
1760	3285
1760	1896
1761	2569
1761	3433
1761	2026
1761	3094
1762	2786
1762	3037
1762	1839
1763	2707
1764	2185
1764	3147
1765	3080
1765	2889
1765	2051
1766	2467
1766	2883
1766	2761
1766	2961
1766	3463
1767	3165
1767	2284
1768	2723
1768	2982
1768	2792
1768	3373
1769	2513
1769	3184
1769	3143
1770	2528
1771	2207
1771	2669
1772	1876
1772	2491
1772	3158
1772	2042
1773	2515
1774	2701
1774	1865
1774	2936
1774	2833
1775	2703
1775	2392
1775	2782
1776	3548
1776	3404
1777	2750
1778	2370
1778	2301
1778	2179
1779	2817
1779	2651
1779	1852
1780	2083
1780	3105
1780	2988
1781	1958
1781	3455
1781	2246
1782	3445
1782	3535
1782	3477
1783	2517
1783	1852
1784	3187
1784	3355
1785	2705
1785	2331
1786	2489
1786	2032
1786	2632
1788	2272
1788	3371
1788	2316
1788	2575
1789	2092
1789	2304
1789	3012
1789	2980
1790	2837
1790	3432
1791	2981
1792	2813
1792	2498
1792	2487
1793	2434
1793	3510
1793	3241
1793	3486
1794	3014
1794	2666
1794	2964
1795	3154
1795	3335
1796	2608
1796	2431
1797	2395
1797	3463
1797	3368
1798	2385
1798	2935
1798	1921
1798	3539
1799	2216
1799	2122
1799	2106
1799	3563
1799	2820
1800	2426
1800	1938
1801	3228
1801	2023
1801	3115
1801	1842
1802	2685
1802	3514
1802	2292
1802	2911
1803	3439
1803	2787
1803	2942
1803	2293
1805	2311
1805	1848
1805	1914
1806	2233
1806	2567
1807	2785
1807	2934
1807	2391
1808	2445
1808	2187
1809	3321
1809	2254
1809	3135
1810	2764
1810	3273
1810	2237
1811	2521
1811	1887
1811	3558
1811	2624
1812	2450
1813	3179
1814	3399
1814	2528
1815	3328
1815	2101
1815	2071
1815	2336
1815	2242
1816	2310
1816	3305
1816	2241
1816	3143
1817	2737
1817	2985
1817	2542
1817	2000
1818	2215
1819	2285
1820	2806
1820	1855
1821	1871
1821	3213
1821	2170
1822	3394
1822	2109
1823	2583
1823	2977
1823	2805
1823	2814
1823	2912
1824	2656
1824	2425
1824	1931
1824	3228
1825	2005
1825	2904
1826	2621
1826	2954
1826	2091
1827	3215
1828	2788
1828	2330
1828	2114
1829	2706
1829	2096
1829	3151
1829	2581
1829	2341
1830	2334
1830	1911
1830	2645
1830	1867
1830	3451
1831	3346
1831	3108
1831	3070
1831	2999
1832	2561
1832	3487
1833	3340
1833	2539
1833	3085
1833	2234
1834	3086
1834	2034
1835	2256
1835	2908
1835	1893
1836	3445
1836	2157
1836	2451
1836	1922
1836	2649
1837	1940
1837	2533
1837	2115
1838	3541
1838	2594
1838	3084
1839	2270
1839	2192
1840	2264
1840	2882
1841	2307
1841	2614
1841	3211
1841	3240
1842	3228
1842	3019
1842	3227
1843	2891
1843	2771
1844	2604
1844	2403
1844	3460
1846	2315
1846	2124
1846	3299
1846	2725
1847	2950
1847	2894
1847	2277
1848	2311
1848	3221
1849	2457
1849	3533
1850	2113
1850	1860
1850	2362
1850	3186
1851	3421
1853	2196
1853	2900
1853	2481
1854	3119
1855	2806
1855	3275
1856	2354
1856	2794
1856	2253
1856	2710
1858	3019
1858	3227
1858	2514
1858	2577
1859	2698
1859	3193
1859	1896
1859	2358
1859	3436
1860	2113
1860	3203
1860	3186
1861	3016
1862	2186
1862	2053
1862	2800
1863	3191
1863	2359
1864	3167
1864	3235
1864	2294
1864	2123
1865	2701
1865	2936
1866	3069
1867	3501
1867	1911
1867	2785
1868	3002
1868	2186
1869	3496
1869	2913
1869	2557
1869	2055
1870	2781
1870	3293
1870	2323
1870	3356
1871	3213
1872	2371
1872	2549
1873	1958
1874	2266
1874	2932
1874	1997
1875	2094
1875	2750
1875	2394
1876	2845
1876	2491
1877	3256
1877	2777
1878	1956
1878	2974
1878	2108
1878	2117
1879	2290
1879	3306
1880	3553
1880	2562
1881	2121
1881	2893
1881	2558
1881	2972
1882	2043
1882	3289
1882	2638
1882	3392
1883	2625
1883	3188
1884	3344
1884	3041
1884	3063
1885	3220
1885	3277
1885	3513
1886	2770
1886	2756
1886	3159
1886	2417
1886	2320
1887	2521
1887	2624
1888	2217
1889	2333
1889	2135
1889	2123
1889	2028
1890	2544
1890	3564
1890	2006
1890	2752
1891	2078
1891	2636
1891	3414
1891	2504
1891	3565
1891	2019
1892	2071
1892	3331
1892	2257
1893	2908
1893	3542
1894	3196
1894	2492
1894	2121
1894	2558
1895	2247
1895	2263
1895	2667
1895	2124
1896	3193
1896	3285
1896	2358
1897	2473
1898	1919
1898	2295
1898	2702
1899	2400
1899	2426
1900	2155
1900	2474
1900	2478
1900	3223
1901	2807
1901	3399
1902	3530
1902	3541
1903	2993
1903	2146
1904	2669
1904	1962
1905	2219
1905	2380
1906	3153
1906	2856
1906	3189
1907	2017
1907	3278
1907	2097
1908	3076
1908	3010
1908	3168
1909	2200
1909	3307
1909	2511
1909	2298
1910	3245
1910	2470
1910	2553
1911	3501
1911	2988
1911	2645
1912	3353
1912	2968
1912	2367
1913	2230
1913	2079
1913	3430
1914	3507
1914	2641
1915	2021
1915	2910
1916	3361
1916	2418
1916	2736
1916	3384
1917	2436
1917	2132
1917	3087
1918	2631
1919	2819
1919	2072
1919	2265
1919	2295
1920	3218
1920	2923
1921	2023
1921	2227
1922	3445
1922	2649
1923	3194
1924	1968
1924	2802
1924	2939
1925	3032
1926	3103
1926	1938
1926	2037
1927	3232
1927	2942
1929	3005
1929	3120
1930	2066
1930	3166
1930	2321
1930	2411
1931	2656
1931	2748
1931	3228
1932	3260
1932	2727
1932	2655
1932	2892
1933	2524
1933	2274
1933	3151
1933	2896
1933	2341
1934	2525
1934	2280
1935	2270
1935	2765
1935	3327
1935	3431
1936	2240
1936	3391
1936	2549
1936	1984
1937	2550
1938	2037
1938	2653
1939	2513
1939	3184
1939	3037
1940	2503
1940	2537
1940	2533
1940	3206
1941	1980
1941	2163
1941	2077
1942	2798
1943	2274
1943	3330
1943	2365
1944	2563
1944	2010
1944	2219
1945	3243
1945	3273
1946	3045
1946	3309
1946	2807
1947	2407
1947	3396
1947	3464
1948	3018
1948	2855
1948	2204
1949	2638
1949	2895
1949	3049
1949	3392
1950	2643
1950	3118
1950	2928
1950	2131
1950	3133
1951	3444
1951	2665
1951	2116
1952	3198
1952	2639
1953	2770
1953	2756
1953	2620
1953	2941
1954	2463
1954	2320
1955	3388
1955	1967
1955	2619
1955	3110
1955	2484
1956	3358
1956	2117
1957	3488
1957	2427
1957	2881
1958	3455
1958	2844
1960	2609
1960	2593
1960	2305
1962	3231
1963	2447
1963	2481
1964	2144
1964	3280
1964	3077
1964	3264
1965	3466
1965	2977
1966	3540
1966	2951
1966	3065
1967	3388
1967	3244
1967	3110
1967	2640
1968	2812
1968	2802
1969	2160
1970	2905
1970	2174
1970	3127
1970	3240
1971	2255
1971	2416
1971	2145
1972	2708
1972	2333
1972	2031
1972	2075
1973	2166
1973	2712
1973	3000
1974	2932
1974	1997
1974	2080
1974	3129
1974	3022
1975	2583
1975	2912
1975	2423
1976	3001
1976	2500
1976	2547
1977	2520
1978	2850
1978	2036
1978	3003
1978	2852
1978	3298
1979	2087
1979	2589
1979	2831
1980	3169
1980	2587
1980	2834
1981	3222
1982	2649
1982	3377
1982	1988
1983	2747
1983	3333
1984	2549
1984	2449
1985	2758
1985	2460
1985	2104
1986	3406
1986	3026
1986	3122
1986	2743
1987	2495
1987	2984
1988	3377
1989	3412
1989	2016
1989	2996
1990	2931
1990	2601
1990	3146
1990	2984
1991	2203
1991	2177
1991	2389
1991	3422
1993	2486
1993	2868
1994	3339
1994	3363
1995	2619
1995	2938
1995	2176
1996	3231
1997	2266
1997	2932
1997	3129
1998	2972
1998	3375
1998	2433
1998	2569
2000	2737
2000	2542
2001	2011
2002	2708
2002	2075
2003	2554
2004	3492
2004	3113
2004	3268
2005	2161
2005	2904
2006	3370
2007	2571
2007	2165
2007	2507
2007	3506
2008	2696
2008	2322
2008	3011
2008	3494
2009	3067
2009	2222
2009	3437
2010	2404
2010	2854
2010	2219
2010	2380
2012	3083
2012	2542
2014	3416
2014	2319
2014	3128
2015	2691
2015	3057
2016	3412
2016	2148
2016	2996
2016	2658
2017	3278
2017	2097
2017	2442
2018	2840
2019	2078
2019	3565
2019	3245
2020	2548
2020	3447
2020	3048
2021	2910
2021	2496
2022	2400
2022	2353
2022	2127
2023	3115
2023	2227
2024	2218
2024	2812
2024	2960
2025	2750
2025	2394
2025	2816
2026	3433
2026	3390
2026	3461
2026	3094
2027	2036
2027	2902
2028	2135
2029	2361
2029	2193
2030	2069
2030	2579
2031	2709
2031	2708
2032	2489
2033	3263
2033	2681
2033	2473
2033	2250
2034	2052
2034	3005
2035	2317
2035	2493
2035	3036
2036	2852
2036	3298
2037	2653
2037	3024
2038	2102
2038	3281
2039	3031
2039	3469
2040	2979
2040	2897
2040	2082
2040	2431
2041	2678
2041	2693
2041	2975
2042	2491
2042	3158
2042	3465
2042	2647
2043	2638
2043	2461
2044	2551
2044	3178
2045	2059
2046	2339
2046	3158
2047	3426
2048	2419
2048	3234
2048	3475
2049	2189
2049	3011
2049	3494
2049	2661
2049	3152
2050	2598
2050	2291
2050	2728
2051	2759
2051	3033
2052	2869
2052	3400
2053	3498
2053	2963
2053	2800
2053	2821
2054	3195
2054	2057
2054	2836
2054	2204
2054	3104
2055	3040
2055	2990
2056	3243
2056	2804
2057	2836
2057	3104
2058	3059
2058	3517
2059	2597
2059	3034
2060	3256
2060	2579
2060	2335
2060	2777
2061	3538
2061	2197
2061	3088
2061	2809
2061	3050
2062	3528
2063	3480
2064	2185
2064	2134
2064	3372
2065	2403
2065	3117
2066	2527
2066	3209
2067	2081
2067	2287
2067	2809
2067	3229
2068	3042
2068	2561
2068	3546
2069	2579
2069	2335
2070	2719
2070	3214
2070	2577
2071	3328
2071	2336
2071	2257
2072	2265
2073	2682
2073	2839
2073	2076
2073	3394
2074	2659
2074	2730
2074	3319
2074	3434
2074	3368
2074	2651
2075	2708
2075	2333
2076	2682
2076	2711
2076	2839
2077	2163
2077	3150
2078	2636
2078	2591
2079	2506
2079	2230
2079	2947
2080	2725
2080	3521
2080	2980
2080	3022
2081	3229
2081	2808
2082	2979
2082	2897
2083	2634
2083	2458
2083	3105
2084	2241
2085	2759
2085	3095
2086	2969
2086	2570
2086	2565
2087	2600
2088	3177
2088	2477
2090	2971
2091	2954
2092	3012
2092	3129
2093	3172
2093	2302
2093	2181
2093	2997
2094	2100
2095	3000
2095	3207
2095	2285
2096	3532
2096	2581
2096	2757
2097	2202
2097	2442
2098	2534
2098	2462
2098	2438
2099	2597
2099	2885
2099	2588
2101	3179
2101	2242
2102	2228
2102	3281
2102	2113
2103	2412
2103	2865
2104	3123
2104	2758
2104	2747
2105	2378
2106	2352
2106	2926
2106	2216
2106	2122
2107	3097
2107	2816
2107	2167
2107	3490
2108	2740
2108	2117
2109	2175
2109	3394
2110	2213
2110	3131
2110	3154
2111	2834
2111	2254
2111	3274
2112	3090
2112	2473
2113	3281
2113	3203
2114	2330
2114	2360
2115	2383
2115	2648
2116	3362
2116	2958
2116	3374
2116	3444
2118	2140
2118	2846
2118	3550
2119	2411
2119	2151
2119	3519
2120	2252
2120	2166
2120	2712
2120	2662
2121	2492
2121	3052
2121	2893
2121	2558
2122	3349
2122	2820
2123	2333
2123	2294
2124	2667
2124	2315
2125	2671
2126	2892
2126	3191
2126	2370
2126	2345
2127	2353
2127	3236
2128	2855
2128	2489
2129	2174
2130	3543
2130	2917
2130	2324
2130	2515
2131	2643
2131	2714
2131	3133
2132	3087
2132	2283
2133	2964
2134	2185
2134	2610
2135	2931
2135	2495
2136	3091
2136	2780
2137	3379
2139	2919
2139	3339
2139	3363
2140	2273
2140	2846
2141	2238
2141	3028
2141	2421
2141	3369
2142	3432
2142	3403
2143	2674
2143	2722
2143	2401
2143	2910
2144	3413
2144	3036
2144	3077
2145	2416
2145	2224
2146	2993
2147	2853
2147	3360
2147	2471
2148	2441
2148	3412
2148	2658
2149	2260
2149	3132
2149	3160
2150	2652
2150	2327
2151	3517
2152	3051
2152	2863
2152	2384
2152	2689
2153	3230
2153	2175
2154	2377
2154	2546
2154	2811
2155	3390
2155	2599
2155	3223
2156	3081
2156	2830
2156	2565
2156	2768
2157	2451
2158	2905
2158	2319
2159	2252
2159	2373
2159	2626
2160	3439
2161	2903
2161	3082
2162	2177
2162	3422
2162	2715
2162	3338
2163	3044
2164	2596
2164	2571
2164	2675
2164	2347
2165	2571
2166	2712
2167	3097
2167	3490
2168	2721
2168	2775
2168	3250
2169	2871
2170	3259
2170	3213
2171	2946
2172	2933
2172	2468
2172	2337
2173	2207
2173	2446
2173	3349
2174	2905
2175	3394
2176	2619
2176	2568
2177	3422
2177	2715
2178	2584
2180	3292
2180	3285
2181	2872
2181	2997
2181	2303
2182	3174
2183	3291
2183	3013
2184	2849
2184	2459
2184	3017
2184	2281
2184	2967
2185	2610
2185	3147
2187	3197
2187	3126
2188	2500
2188	3313
2189	2376
2189	3011
2189	2661
2190	2393
2190	3425
2191	3483
2191	2859
2191	3380
2192	2540
2194	3453
2194	2245
2195	3257
2195	3303
2195	3542
2196	2481
2196	2751
2197	3538
2197	3474
2197	3088
2197	2637
2198	2740
2198	3337
2198	3109
2199	3109
2199	3365
2199	3091
2199	2694
2200	2511
2200	2298
2201	3163
2202	2442
2202	2680
2203	3516
2203	3435
2203	2389
2204	3018
2204	2855
2204	3104
2205	2823
2205	2614
2206	3419
2206	3543
2206	2321
2206	3420
2207	3242
2207	2446
2208	2673
2208	2423
2208	3342
2208	3289
2209	3516
2209	2389
2210	2615
2210	2732
2211	2350
2211	2480
2211	2806
2212	2744
2212	2251
2212	2421
2212	3100
2212	2566
2212	2369
2213	3131
2213	3154
2214	2622
2214	2698
2214	3436
2215	2824
2216	2926
2216	3000
2217	2959
2218	2812
2219	2380
2220	2639
2220	2729
2220	2430
2220	2396
2220	2436
2221	3299
2221	2925
2222	3067
2222	3050
2222	3559
2223	3121
2223	2598
2223	2745
2223	2309
2223	2351
2224	2416
2224	2707
2225	3055
2226	2670
2226	3546
2227	2276
2228	3382
2229	2576
2230	2947
2230	2628
2230	3430
2230	3441
2231	2937
2231	3561
2231	3028
2231	3100
2232	2716
2232	3300
2232	2340
2232	2720
2233	3008
2233	2567
2234	2831
2234	3340
2234	3265
2234	3142
2234	3085
2235	2866
2235	2435
2235	3552
2235	3316
2236	2829
2236	3132
2236	3160
2237	3273
2238	2421
2238	3124
2238	2566
2238	2970
2239	2729
2239	2430
2239	3125
2240	3391
2241	3305
2242	3328
2242	3179
2243	2551
2243	2355
2244	2842
2245	3453
2246	2913
2247	2680
2247	2263
2248	3467
2248	2443
2249	2502
2250	3263
2250	2681
2251	2744
2251	3153
2251	2856
2251	2369
2252	2662
2252	2626
2253	2354
2253	2272
2253	2316
2253	2710
2254	3135
2254	3274
2254	3449
2255	3140
2255	2416
2255	3398
2256	2278
2256	3352
2257	2336
2257	3137
2258	3552
2259	3530
2260	3423
2261	3312
2261	3302
2261	2952
2262	3536
2262	2927
2262	2325
2262	3362
2263	2719
2264	3046
2265	2819
2265	3198
2266	3486
2267	3440
2267	2733
2267	2877
2267	3457
2268	2789
2268	2611
2268	2754
2269	2732
2269	2886
2270	2765
2270	3327
2271	2418
2271	3288
2271	3046
2272	2316
2272	2880
2273	2681
2274	3151
2275	3535
2276	3227
2277	2894
2277	3137
2278	3352
2278	3212
2278	3114
2279	2438
2279	2795
2280	3486
2281	2459
2281	2967
2281	2586
2282	3442
2283	3087
2283	2815
2284	3331
2285	2918
2286	2897
2286	3337
2287	3359
2287	3088
2287	2809
2288	2654
2288	2397
2289	3367
2289	3375
2289	2433
2289	3007
2289	3249
2291	2598
2291	2351
2292	2911
2292	3291
2293	2787
2293	2688
2293	3317
2293	2942
2294	3235
2294	3098
2295	2819
2296	2512
2296	2434
2296	2514
2299	3058
2300	2860
2300	2454
2300	2956
2300	3242
2301	2328
2301	2370
2302	2851
2303	2872
2303	3111
2304	3276
2304	2980
2305	2609
2305	2593
2306	3030
2306	2861
2306	2472
2306	3481
2307	3287
2307	2614
2307	2479
2308	2503
2308	3470
2308	3166
2309	3121
2309	3382
2309	2745
2310	2765
2310	3143
2311	2454
2312	3058
2313	2553
2313	2386
2314	3226
2314	2688
2314	3149
2314	2699
2315	2667
2315	2874
2315	2725
2315	3022
2316	2575
2316	2710
2317	2355
2317	3036
2318	2413
2318	3185
2318	3124
2319	2905
2319	3128
2320	2770
2321	3166
2321	3419
2321	2411
2321	3420
2322	3494
2322	3146
2323	3293
2323	3356
2323	2966
2324	3543
2324	3532
2324	2690
2325	3536
2325	3362
2325	3374
2326	3263
2326	3241
2326	2784
2327	2522
2327	2652
2328	2655
2328	2370
2329	3025
2329	2508
2329	3499
2330	3114
2331	2705
2331	3479
2331	2803
2332	2745
2332	3162
2332	2764
2334	2645
2334	3451
2335	2841
2335	2579
2337	2468
2337	3251
2337	2529
2338	2818
2339	3021
2340	3300
2340	2595
2340	2720
2340	3009
2341	2524
2341	2706
2341	3151
2342	2962
2342	2578
2343	3283
2343	3246
2344	2994
2344	3355
2345	2892
2345	3191
2346	3477
2346	2814
2347	2471
2347	2675
2349	2959
2349	3537
2349	2866
2349	2955
2349	2357
2350	2480
2350	2806
2351	2598
2352	3062
2352	2926
2353	2400
2353	2490
2354	2794
2354	2687
2356	3465
2356	2906
2356	2647
2356	2509
2357	3537
2357	2866
2357	2776
2359	3191
2359	3056
2360	2861
2360	2472
2362	3208
2362	3186
2363	2803
2363	3071
2363	2541
2364	2580
2364	3252
2365	3330
2365	2613
2366	2437
2366	3345
2366	2663
2367	2968
2367	2534
2368	3418
2368	3378
2369	2766
2369	2566
2371	2549
2372	2746
2372	2674
2372	2722
2372	3262
2373	3101
2373	3472
2374	2744
2374	3303
2374	2856
2374	3189
2374	2937
2375	3115
2376	2452
2377	3168
2379	2635
2379	3210
2379	3476
2380	2404
2380	2793
2381	3103
2381	2612
2381	2671
2382	2895
2382	3049
2382	3397
2382	2703
2382	2392
2384	3493
2384	2863
2384	2689
2384	3531
2384	3090
2385	2935
2385	3134
2385	3329
2385	3539
2386	3150
2386	3156
2387	2440
2388	3545
2388	2696
2388	3485
2389	3516
2390	3272
2390	3376
2390	3411
2391	3395
2392	2703
2393	3425
2394	2750
2395	2840
2396	2639
2397	2654
2397	3182
2398	3492
2398	2887
2399	2749
2399	3365
2399	3453
2401	2644
2401	3424
2402	2884
2403	2604
2404	2854
2404	2793
2405	3074
2405	3560
2407	2540
2407	3464
2408	3395
2408	2916
2408	3259
2409	3322
2410	2559
2410	2509
2411	3420
2413	3396
2414	3504
2414	3549
2414	2439
2414	2539
2415	3398
2416	2707
2417	2848
2417	3159
2418	3288
2420	2490
2420	2629
2421	3028
2421	3100
2421	2566
2422	3168
2422	3467
2423	2673
2423	3342
2425	3232
2427	3472
2428	3462
2428	2698
2428	3193
2429	2769
2429	3110
2429	2938
2429	2640
2430	2729
2430	2436
2430	2625
2430	3125
2431	2608
2431	2749
2432	2486
2432	2868
2433	3375
2433	2569
2433	3007
2434	3354
2434	3510
2435	3552
2436	2625
2437	2663
2438	2534
2438	2795
2439	3524
2439	3504
2439	2539
2440	3063
2441	2755
2441	3412
2442	2680
2443	3359
2443	2637
2443	2724
2444	2623
2444	3075
2444	3350
2445	3092
2445	3233
2446	3039
2446	3242
2448	3140
2448	3428
2448	2695
2448	2574
2449	3221
2449	3544
2450	3380
2450	2513
2451	2649
2451	3377
2452	2527
2453	2482
2453	2606
2453	2960
2454	2860
2454	2841
2455	3308
2455	2496
2456	2484
2456	2987
2457	3533
2457	2825
2457	3057
2458	2634
2458	3456
2459	2849
2459	2785
2460	2758
2462	2534
2463	3172
2463	3020
2463	2997
2464	3262
2464	2779
2465	2946
2465	2847
2465	3389
2466	3230
2466	2769
2467	3311
2467	2883
2467	3379
2468	2529
2469	3366
2470	2591
2471	2853
2471	2675
2472	3030
2472	2861
2474	3493
2474	2863
2475	3159
2475	3161
2476	2995
2476	2719
2478	3223
2479	2685
2479	2823
2479	3287
2479	2614
2479	3514
2481	2900
2482	2686
2482	2606
2483	2734
2483	2556
2483	2858
2483	3562
2483	2877
2484	3388
2484	2987
2485	2586
2486	3351
2486	2868
2487	2498
2487	3317
2488	3428
2490	3099
2490	2629
2492	3196
2492	3006
2492	3052
2493	3296
2494	2693
2494	2930
2495	2931
2495	2984
2497	2599
2498	2813
2499	3169
2499	2587
2499	2789
2499	2611
2501	3295
2501	2845
2502	3079
2502	2731
2502	3473
2503	2537
2503	3206
2504	3414
2504	3565
2504	3286
2505	3347
2505	3275
2506	2947
2507	2596
2507	2571
2507	3506
2507	3083
2508	3025
2508	3499
2509	2906
2509	2559
2510	3427
2510	2735
2511	3307
2512	2748
2512	3019
2512	2514
2513	3184
2514	3019
2515	2917
2516	2591
2516	2760
2516	2563
2517	2957
2517	3384
2518	2987
2518	2568
2518	3222
2518	3096
2519	3450
2521	3056
2521	3261
2522	2652
2522	2702
2523	3484
2523	3089
2523	2797
2524	2896
2524	3254
2526	3511
2526	2903
2526	3082
2526	3267
2527	3470
2529	3459
2529	3251
2530	3355
2530	3271
2531	3505
2531	2560
2532	3405
2532	2786
2533	2537
2533	3219
2535	3294
2535	3082
2536	3171
2536	2924
2537	3152
2538	2822
2538	2928
2538	3133
2539	3524
2539	3340
2541	3071
2543	3536
2544	3066
2544	3564
2545	2610
2545	3147
2545	3199
2546	2653
2546	3024
2546	3073
2547	2860
2547	3001
2547	2956
2548	2626
2548	3447
2552	2618
2552	3060
2552	3171
2554	3205
2554	2878
2554	2683
2555	3247
2556	3562
2557	3496
2558	2954
2559	2906
2559	2948
2560	3370
2561	3042
2564	3253
2564	2660
2564	3194
2565	2768
2566	2766
2566	2970
2567	3102
2567	3416
2568	2987
2568	3222
2570	2969
2571	2596
2572	2656
2572	2875
2572	3387
2573	3167
2573	3508
2574	3140
2574	2695
2574	3068
2575	2648
2576	3406
2576	3026
2576	2944
2577	3214
2578	3034
2580	2594
2580	3252
2581	3151
2581	2862
2582	2585
2583	3526
2583	2805
2583	2912
2586	2967
2587	3169
2587	2834
2588	2714
2589	2831
2589	3142
2589	3534
2590	3120
2592	3224
2592	2796
2593	3407
2593	3003
2594	2929
2595	3537
2595	2720
2595	2955
2595	3366
2596	2767
2597	3034
2597	2948
2598	3121
2598	2728
2599	3390
2599	3223
2601	3146
2601	2984
2601	3491
2602	2768
2603	2837
2603	2870
2603	2617
2604	2717
2604	3460
2605	2628
2605	3441
2606	3053
2606	2869
2607	3145
2607	2632
2608	2749
2610	3147
2611	2789
2612	3236
2612	3103
2613	2695
2613	3068
2614	2823
2615	3357
2615	3424
2617	2879
2618	2678
2618	3060
2618	3171
2619	3110
2619	2938
2620	2770
2620	3172
2620	2941
2621	3096
2622	2973
2622	3372
2623	3173
2623	3350
2625	3125
2626	3447
2627	3127
2627	3177
2628	2947
2628	3441
2629	3099
2630	3164
2631	3320
2631	2979
2632	2829
2633	3310
2633	3338
2634	3266
2635	3306
2635	3210
2636	3414
2636	2821
2637	3359
2637	3088
2637	2724
2638	3392
2639	2729
2640	2769
2640	3110
2641	3507
2642	3489
2642	3304
2643	2783
2644	3424
2646	3474
2646	3325
2647	3465
2647	2906
2649	3377
2650	3509
2651	2659
2651	2817
2651	3319
2653	3024
2655	2727
2657	3070
2657	2999
2657	3225
2658	3033
2659	2961
2659	3463
2659	3368
2660	3344
2660	3253
2660	3041
2660	3194
2661	3470
2661	3152
2663	3279
2664	3318
2664	2755
2666	3116
2667	3214
2667	2874
2668	3209
2670	3546
2673	3518
2673	3289
2673	3239
2674	2746
2674	2722
2676	2824
2676	3043
2677	2710
2678	2693
2679	3027
2679	3017
2682	3255
2682	2711
2683	3205
2683	2878
2683	3551
2684	3102
2684	3416
2684	3128
2685	2823
2685	3514
2685	2911
2686	3400
2687	3407
2687	2794
2688	2787
2688	2699
2688	3317
2689	3090
2690	3532
2690	2757
2691	3218
2692	3188
2693	2930
2694	3109
2694	3118
2695	3428
2695	3068
2696	3485
2697	3149
2697	3364
2698	3193
2698	3436
2699	3226
2699	3199
2699	3317
2700	3534
2701	2772
2703	2895
2703	2843
2703	2782
2704	3555
2704	2881
2705	2803
2709	3302
2709	2952
2709	3508
2713	3557
2715	3338
2716	3300
2717	2922
2717	2818
2717	3460
2718	3454
2718	2796
2720	3366
2721	2731
2722	2910
2723	2909
2723	2792
2724	3456
2725	3521
2725	3022
2726	2799
2727	2858
2727	2733
2728	3121
2730	3319
2730	3296
2730	3434
2731	3473
2733	2858
2733	3440
2733	2877
2734	3155
2734	2858
2735	3427
2735	2801
2736	3384
2737	2985
2738	3072
2738	2776
2738	3522
2739	3405
2740	3337
2741	2986
2742	3102
2743	3047
2744	2856
2744	2937
2744	3100
2745	3162
2746	3095
2747	3333
2752	3564
2753	3216
2753	2835
2755	3318
2755	3412
2756	2770
2756	3159
2757	3532
2758	3123
2759	3033
2760	3188
2761	2883
2761	3326
2761	2961
2762	2919
2762	3266
2763	2779
2763	2842
2763	2975
2764	3273
2766	3301
2766	2970
2767	3113
2767	3268
2769	3230
2771	2891
2771	2976
2772	3440
2772	3457
2773	2862
2773	2810
2773	3558
2775	3250
2776	3072
2777	3256
2777	2857
2778	2943
2779	3262
2779	3308
2780	2822
2780	3139
2781	3293
2782	2843
2782	2838
2784	3510
2784	3241
2786	3037
2787	3439
2787	3364
2790	3480
2790	2943
2791	3526
2791	2805
2792	2909
2792	3373
2793	3323
2793	3130
2794	3407
2796	3224
2796	3454
2796	2873
2797	3089
2797	2993
2798	3353
2799	3235
2799	3098
2799	3505
2800	3414
2800	3286
2800	2821
2801	3452
2801	3234
2801	3475
2802	3335
2802	3119
2803	3479
2805	3526
2805	2814
2807	3045
2809	3088
2809	3229
2809	3050
2810	3330
2810	3558
2811	3467
2812	2960
2813	2875
2814	2977
2816	3490
2816	3360
2817	3319
2818	3460
2819	3198
2820	3563
2821	2963
2821	3414
2822	2928
2824	3043
2825	3144
2826	3013
2828	3234
2829	3160
2830	3081
2831	3265
2831	3142
2832	3313
2832	3509
2832	3141
2836	3195
2836	3250
2841	2860
2841	3001
2842	3220
2843	2895
2843	2989
2844	3047
2844	3455
2846	3297
2847	2946
2847	2871
2848	2966
2849	3451
2849	3027
2849	3017
2850	3547
2850	3003
2850	2852
2851	2941
2851	3525
2853	3360
2854	3087
2855	3104
2856	3153
2856	3189
2858	2877
2859	3139
2859	3483
2859	3380
2860	3001
2860	2956
2861	3402
2861	3481
2863	3493
2864	3500
2864	2881
2866	2959
2867	3334
2867	3524
2867	3554
2869	3053
2869	3270
2870	2901
2870	3438
2870	3437
2872	3212
2872	3111
2873	3224
2873	3279
2873	3454
2874	3214
2874	2932
2874	3022
2875	3035
2876	2898
2877	3562
2879	3356
2879	2966
2880	3503
2883	2989
2883	3311
2883	3326
2884	3064
2886	3324
2887	3492
2888	2920
2889	3080
2889	3383
2890	3248
2892	3260
2893	3052
2893	2972
2893	3367
2893	3375
2894	3137
2894	2899
2894	3479
2895	3049
2896	3254
2899	3137
2899	3479
2900	3183
2901	3067
2901	3458
2901	3437
2902	3255
2903	3082
2903	3520
2904	3145
2906	2948
2908	3030
2913	3496
2914	3540
2914	3023
2915	3247
2915	3165
2915	3348
2916	3395
2916	3501
2916	2988
2917	3206
2918	3004
2918	3381
2924	3171
2924	2930
2925	3276
2925	3521
2927	3362
2927	3148
2927	2958
2928	3118
2928	3133
2929	3093
2931	2984
2932	3022
2935	3502
2935	3329
2935	2995
2937	3561
2937	3100
2938	3110
2939	3053
2944	3406
2944	3527
2944	3333
2945	3307
2945	3386
2948	3034
2949	3071
2949	3547
2949	3525
2950	3497
2951	3540
2951	3065
2952	3302
2953	2965
2953	3182
2955	3537
2955	3366
2956	3242
2957	3361
2957	3384
2958	3362
2958	3148
2961	3463
2963	3498
2966	3356
2968	3353
2970	3185
2970	3124
2970	3301
2971	3318
2971	2978
2972	3375
2974	3069
2976	3056
2976	3261
2979	3320
2980	3276
2980	3521
2981	3409
2982	3373
2983	3376
2983	3411
2988	3501
2989	3311
2989	3326
2990	3040
2991	3294
2992	3288
2995	3502
2996	3550
2997	3172
2997	3020
2998	3348
2998	3497
2999	3070
3003	3407
3004	3048
3004	3381
3005	3120
3006	3052
3007	3249
3009	3300
3009	3357
3011	3494
3014	3554
3015	3162
3015	3208
3017	3027
3019	3227
3021	3238
3023	3257
3024	3073
3026	3406
3027	3451
3028	3100
3028	3369
3029	3138
3032	3258
3036	3413
3037	3184
3038	3309
3038	3341
3039	3062
3040	3294
3041	3344
3041	3063
3041	3194
3042	3257
3044	3459
3045	3309
3045	3216
3048	3447
3049	3239
3049	3392
3049	3397
3050	3229
3050	3559
3051	3204
3051	3461
3052	3367
3053	3270
3054	3178
3054	3138
3054	3157
3055	3064
3056	3261
3057	3533
3059	3429
3059	3260
3059	3517
3064	3201
3066	3545
3067	3458
3067	3559
3067	3437
3070	3108
3071	3547
3074	3116
3075	3556
3077	3413
3077	3181
3078	3433
3079	3192
3079	3473
3080	3383
3083	3506
3085	3265
3086	3270
3088	3359
3090	3531
3091	3365
3092	3415
3092	3233
3094	3204
3094	3461
3096	3464
3097	3483
3098	3235
3098	3505
3101	3488
3102	3416
3103	3236
3106	3225
3107	3471
3108	3346
3109	3337
3111	3212
3111	3114
3112	3448
3113	3268
3114	3212
3119	3335
3122	3406
3122	3527
3123	3548
3124	3185
3126	3197
3127	3466
3127	3240
3128	3416
3130	3323
3130	3410
3131	3268
3132	3160
3134	3274
3134	3539
3135	3449
3136	3344
3136	3443
3139	3380
3140	3398
3141	3313
3141	3509
3142	3334
3142	3340
3142	3534
3143	3184
3150	3156
3155	3429
3157	3178
3158	3465
3162	3208
3164	3323
3166	3419
3167	3235
3170	3478
3170	3297
3174	3476
3175	3210
3175	3423
3175	3267
3176	3246
3180	3181
3180	3190
3183	3512
3185	3301
3186	3197
3187	3237
3189	3303
3192	3417
3195	3250
3199	3226
3200	3502
3200	3329
3200	3278
3201	3252
3202	3237
3203	3281
3204	3461
3205	3426
3207	3563
3209	3519
3210	3476
3211	3466
3211	3240
3212	3352
3215	3523
3216	3314
3219	3491
3220	3277
3221	3544
3224	3279
3224	3408
3226	3557
3229	3559
3233	3415
3234	3475
3238	3452
3239	3518
3239	3289
3239	3392
3239	3397
3240	3466
3241	3510
3244	3388
3244	3446
3251	3459
3254	3503
3258	3482
3262	3308
3264	3551
3264	3280
3267	3511
3267	3423
3272	3385
3274	3539
3274	3449
3275	3347
3276	3521
3277	3515
3277	3513
3279	3408
3282	3484
3282	3469
3286	3414
3287	3514
3289	3392
3296	3434
3300	3357
3302	3508
3304	3489
3310	3338
3312	3361
3314	3341
3315	3523
3316	3552
3322	3495
3325	3538
3325	3474
3327	3431
3329	3502
3333	3527
3334	3524
3334	3340
3334	3534
3336	3489
3339	3363
3340	3524
3343	3564
3347	3404
3351	3417
3354	3510
3360	3490
3361	3384
3362	3374
3364	3439
3367	3375
3368	3463
3368	3434
3369	3481
3370	3485
3373	3457
3374	3444
3376	3431
3376	3411
3383	3556
3387	3553
3390	3433
3393	3504
3393	3549
3395	3501
3397	3518
3402	3481
3403	3432
3404	3548
3406	3527
3419	3543
3421	3471
3427	3442
3429	3517
3430	3441
3435	3565
3437	3438
3440	3457
3449	3539
3452	3475
3454	3512
3458	3559
3468	3554
3474	3538
3493	3531
3495	3506
3504	3549
3507	3544
3542	3561
